5
6
46
168
278
350
663
48
61
62
69
79
80
83
88
93
96
99
111
112
121
125
130
137
144
145
149
154
155
161
163
164
165
169
172
173
174
175
177
179
188
190
192
194
199
202
203
206
207
210
212
213
216
217
218
224
225
230
233
235
240
241
243
244
251
256
259
261
263
264
266
268
272
274
277
281
283
290
293
296
306
309
329
353
357
364
372
374
378
388
389
390
395
413
426
428
430
431
432
434
435
438
446
448
449
453
461
462
464
465
466
467
472
473
479
486
496
497
498
514
516
521
589
598
613
629
631
640
672
679
682
684
2
4
12
25
31
34
36
37
39
45
33
65
87
234
247
42
52
58
60
77
82
86
92
107
113
116
117
128
132
138
151
167
171
178
191
195
201
205
239
249
255
271
285
286
292
294
311
314
336
338
340
343
355
361
370
380
394
407
415
418
454
456
459
469
482
518
577
618
1
21
22
27
38
40
41
67
75
95
110
115
198
223
254
273
310
327
328
337
341
346
347
351
367
375
385
422
423
436
441
501
597
603
44
51
57
15
108
152
187
231
248
262
276
313
377
393
580
590
23
26
35
19
24
30
32
43
47
49
55
63
64
70
71
72
73
74
76
90
98
100
102
103
104
114
118
120
122
123
126
129
131
134
135
136
139
140
141
143
147
157
159
160
162
176
181
184
189
193
200
204
208
215
219
229
232
237
250
252
253
260
267
282
287
288
289
295
298
301
302
304
308
315
316
317
318
319
320
321
322
331
333
334
339
345
348
354
362
363
365
366
369
371
379
381
386
387
391
397
399
402
404
405
410
411
414
416
419
421
425
429
433
437
440
442
445
450
457
458
460
468
471
474
475
476
477
478
487
493
494
557
576
581
595
601
605
619
634
641
643
662
687
696
3
7
8
9
10
11
18
97
105
119
166
633
54
84
53
85
150
158
211
228
279
291
297
412
483
499
527
541
602
604
16
28
50
81
91
127
133
142
148
153
182
183
186
196
227
242
257
265
275
280
284
300
312
335
342
349
360
368
376
383
401
409
417
439
451
452
470
484
492
515
555
572
575
584
647
681
13
59
89
124
356
382
611
14
197
214
392
406
444
447
488
512
101
330
352
358
359
180
220
66
146
185
504
403
463
506
536
56
68
106
270
305
325
686
691
703
238
617
236
258
303
324
332
490
569
628
693
699
20
156
424
566
664
29
94
109
245
326
398
443
481
485
489
495
530
533
551
646
700
547
549
552
384
509
639
222
480
650
655
670
537
579
599
78
408
666
630
420
246
373
323
626
645
606
226
344
675
665
702
221
307
503
427
570
593
500
535
624
644
658
680
170
528
531
299
544
571
502
592
491
660
519
673
683
573
525
637
532
585
587
505
653
534
689
622
563
701
522
455
638
556
698
614
540
632
507
568
656
565
591
538
567
574
697
596
562
677
678
542
625
583
657
669
688
659
545
695
517
594
582
586
652
685
609
558
508
588
674
635
649
690
692
548
564
648
676
600
529
553
554
526
607
612
642
543
623
654
627
578
671
539
621
546
667
520
513
510
560
651
636
694
550
608
610
511
559
524
523
620
661
615
616
668
