2461
3412
3413
4071
5077
5866
1141
1142
1367
1652
1696
1724
1726
1732
1733
1933
2251
2252
2348
2635
2707
3028
3092
3355
3502
3641
3648
3711
3930
4253
5416
6403
6665
8542
8544
8583
12701
12913
15556
129
150
244
246
369
480
487
787
915
1006
1929
2033
2681
2736
3537
3845
3918
5315
10890
45
146
187
704
1924
1219
5658
3567
3568
3569
3570
3571
3572
3573
3574
3575
3576
3577
3578
3580
3581
3667
3728
3938
4120
5363
6126
11662
11721
15076
98
239
1007
1014
1317
1391
2903
3549
3566
3993
9318
15543
793
1202
1459
2650
917
1018
1019
1021
1032
1176
1318
1326
1337
1834
2024
2025
2157
2312
2866
3030
3459
3932
4004
4029
4234
4445
4484
5627
6018
7028
9296
9896
10274
10802
11377
12794
14814
16995
87
236
356
490
491
611
902
1069
520
521
569
777
836
1070
1118
1354
1486
1588
1712
1802
1803
1926
2035
2037
2143
2205
2302
2316
2350
2354
2415
2603
2615
2781
2967
3256
3257
3317
3319
3433
3436
3444
3466
3475
3530
3590
3591
3646
3708
3765
3847
3989
4090
4131
4165
4254
4298
4540
5313
5405
5778
5786
5908
6114
6649
6961
6996
6997
6998
7000
8095
8370
8587
11643
11646
13528
13723
13867
15504
1
481
4388
477
1501
3913
8208
3411
3951
3952
461
590
591
775
789
810
811
821
890
891
920
959
1075
1084
1272
1477
1484
1504
1530
1553
1601
1614
1617
1618
1630
1662
1699
1700
1711
1715
1744
1764
1765
1860
1915
2006
2027
2034
2038
2040
2073
2107
2176
2189
2216
2217
2295
2351
2352
2353
2448
2490
2717
2721
2723
2729
2769
2782
2786
2890
2959
2962
2971
2972
3070
3298
3326
3348
3361
3447
3448
3449
3532
3534
3535
3552
3606
3694
3695
3849
3851
3893
3905
3914
3935
3970
3992
4028
4063
4073
4078
4082
4096
4097
4110
4147
4192
4386
4532
4580
4581
4865
4866
4867
4868
4871
4873
4874
4875
4876
4877
4997
5209
5249
5320
5421
5422
5434
5782
5813
5867
5897
5933
5951
5953
6011
6012
6017
6047
6232
6269
6273
6275
6278
6279
6283
6291
6371
6396
6397
6663
7139
7140
7142
7143
7146
7202
7288
7302
7327
7411
7445
7465
7546
7703
7704
7705
7708
7799
7800
7801
7859
8068
8071
8086
8091
8093
8096
8250
8372
8451
8677
8747
9236
9473
9599
9600
9610
9625
9800
9907
9953
9954
10138
10139
10163
10164
10262
10266
10267
10342
10723
10924
11088
11342
11378
11389
11699
11763
11764
11766
11804
12010
12038
12140
12555
12556
12699
12898
12899
12905
13525
14161
14359
14365
14372
15087
15132
15182
15255
15438
15444
15445
15632
15643
15645
15654
16826
16827
16828
16829
16989
136
137
282
283
355
387
1569
2095
2106
2679
3085
4166
4734
4851
5948
6449
6593
11183
17030
842
997
942
7788
1928
2005
2626
3843
5523
7833
9658
1392
3848
10794
423
425
428
433
1996
1405
1885
2349
2417
3673
15005
1374
700
701
968
1020
1232
1327
1366
1375
1446
1625
1627
1663
1664
1665
1666
1697
1938
2367
2430
2550
2610
2854
2867
3055
3080
3582
3844
4205
5203
5294
5657
5760
6146
6390
6594
6730
6736
7832
8115
8116
8143
8145
8683
8748
9647
10336
10835
11849
13529
14787
14788
10
64
697
698
3455
4731
1957
2014
5027
10150
389
624
629
636
895
1048
1057
1058
1102
1104
1146
1147
1148
1725
2023
2184
2303
2412
2520
2680
2742
2832
2833
3237
3880
3934
4013
4020
4040
4955
5172
5200
5260
5515
5524
5660
6335
6336
6337
6414
6876
6922
7343
7471
7695
8515
8517
8589
8612
8640
9097
9210
10945
11097
11786
15546
16917
56
243
327
3446
5826
6116
7513
3764
7131
7743
459
462
2240
5222
7148
469
471
2049
2731
2932
5779
9451
17002
1334
1393
1426
4260
5833
14938
835
839
1979
2604
3793
3860
4067
6454
6455
8113
9592
563
566
830
1352
8703
940
4383
2887
6334
10105
12667
1239
1240
1360
1503
1682
1690
2946
3451
3464
3474
4105
5538
7414
8547
9063
10047
11139
11778
1638
1710
2480
2718
2757
3701
4044
5029
5183
7428
7430
11198
482
570
1532
1564
7221
5834
8209
3662
6450
6453
6591
9263
9264
9269
612
834
1458
11807
16248
232
7228
458
5317
8527
13404
13591
38
47
49
57
59
62
73
112
122
196
230
234
235
247
390
441
442
541
769
779
818
825
837
838
939
1083
1088
1143
1175
1177
1270
1343
1468
1470
1483
1545
1651
1771
1934
1985
1986
1988
2193
2253
2294
2311
2343
2486
2492
2494
2547
2668
2706
2778
2975
2993
3253
3316
3385
3443
3642
3645
3707
3714
3852
3874
3904
3911
3931
3953
3955
4015
4024
4057
4070
4171
4194
4207
4212
4283
4306
4320
4322
4331
4360
4393
4406
4412
4608
4676
4707
4714
4994
5500
5565
6023
6288
6410
6444
6575
6577
6590
6601
6604
6630
6931
6999
7021
7333
7366
7370
7371
7404
7419
7421
7442
7472
7822
7834
7908
7938
7939
8013
8597
8598
9028
9216
9274
10237
10388
10725
11256
11373
11520
11609
11882
12788
13679
13921
15523
15551
15552
15648
15963
16237
16910
17291
11
13
15
22
23
25
26
31
33
34
4855
6859
11197
13423
197
11196
2619
10797
16940
2710
5799
5800
8381
10798
1766
522
2364
3846
3850
3968
4014
4155
5319
8590
9037
9474
10412
2419
3644
4390
5025
6614
9887
11587
1228
1231
1235
1533
1574
1602
1857
2777
3408
3450
3650
3949
4045
5518
5519
6376
6778
7273
7274
7723
10218
10801
11137
11376
11664
14995
105
107
547
2036
3427
5201
628
4534
5516
90
1770
806
1163
1174
1229
1234
1236
1260
1410
2611
3128
3709
6800
7431
9475
805
11588
2198
656
758
857
1307
1447
1584
1637
2250
2283
2339
2420
2439
2636
2751
2914
3016
3019
3020
3108
3110
3118
3120
3121
3145
3146
3148
3149
3153
3186
3187
3350
3678
3679
3795
4074
4196
4448
5250
5258
5347
5712
6077
6640
6641
6797
6866
7870
8384
8385
8565
8664
9075
9667
9875
10414
10452
10453
10499
10520
10587
11129
11715
12065
12118
14202
14766
15382
123
130
3937
9227
3908
4279
5164
5193
5521
5552
7267
8728
11085
12077
333
1511
1589
2200
2632
15465
1772
5566
11195
11396
478
479
5173
10803
11200
464
1919
226
287
4371
3584
310
7110
12012
11340
571
3946
9034
10925
10970
13406
1201
3864
5392
1475
1476
1653
3368
4047
4157
5807
5909
6671
8016
8836
14924
15409
375
485
6022
622
2215
2428
2509
2617
2719
4042
4149
5582
9259
175
14418
3288
4991
2148
6599
6788
8829
11180
11348
11350
53
778
994
3526
2827
7406
10874
3777
554
1737
460
2661
3362
3958
5830
6803
7940
8708
8709
9074
121
9276
9280
13945
1974
2137
3923
4091
6207
3703
4202
7418
9990
9995
1268
1960
2266
2726
3396
3406
3875
3887
3954
4092
5035
5037
5038
6404
6576
6638
8419
9898
9908
11605
14024
15430
362
1051
1377
2438
4081
7795
11559
434
1891
4153
6860
911
8661
8662
8663
2304
967
6068
9452
3469
4085
4086
1171
1404
1406
1562
2100
2197
2779
2858
2886
2970
3621
6775
6784
8877
9079
9822
9844
1678
3855
272
1639
3783
4099
5314
7080
7427
9656
1573
1950
3239
5311
5316
5791
6247
7322
7875
9453
545
8859
819
1768
840
14317
10066
567
3236
3476
1059
1301
2720
3933
4127
4197
5757
6446
8254
8623
9613
9731
10814
957
11314
8940
2471
558
13100
7916
361
363
409
575
913
922
995
996
1016
1262
1263
1282
1487
1489
1668
1850
1874
2042
2048
2177
2264
2309
2310
2368
2421
2431
2564
2567
2573
2637
2638
2761
2783
2788
2789
3292
3293
3294
3295
3318
3360
3404
3536
3592
3625
3630
3653
3868
3882
3924
3975
3976
3988
4006
4017
4124
4129
4178
4252
4289
4317
4754
4939
4990
5036
5379
5415
5476
5625
5735
5796
5938
5939
6103
6121
6143
6282
6554
6791
7007
7041
7044
7048
7152
7383
7385
7436
7688
7697
7698
8070
8180
8355
8394
8503
8595
8596
9029
9165
9166
9170
9201
9237
9299
9301
9352
9353
9355
9549
9550
9551
9553
9556
9557
9558
9560
9561
9564
9617
9631
9829
10045
10413
10715
10790
10792
10886
11015
11016
11057
11083
11495
11565
11606
11607
11610
11722
11771
13435
13866
14055
14082
14182
14185
14220
14222
14986
15070
15522
15666
16949
16951
17029
144
250
1255
5828
2606
3995
2122
2224
3710
3912
3996
4076
8017
8469
524
820
8433
1220
1407
1491
1502
1887
1903
2546
2688
2739
2740
3087
5393
5562
5619
6829
6830
6881
7078
10888
12148
13582
13589
52
242
254
3778
9066
4726
74
85
88
89
100
101
191
192
324
437
470
476
786
943
998
999
1015
1105
1298
1361
1362
1403
1831
2017
2398
2402
2497
2501
2556
2682
2728
2880
2930
2957
3381
3383
3585
3706
3730
3752
3756
3863
3884
3889
3891
4100
4244
4429
4485
4582
4609
4610
4715
5030
5161
5169
5217
5223
5567
5770
5772
5952
6129
6212
6326
6537
6612
6873
7027
7045
7358
7360
7407
7953
8883
9026
9044
9450
9960
10330
10331
10332
10795
11491
11863
11985
12624
12631
12724
13606
17106
4251
826
2055
2113
3883
8130
8133
8134
8707
9286
10836
9122
2548
4019
1276
2179
2966
3261
3501
8592
9343
11084
13630
1028
1363
463
6687
7401
8594
3262
2669
5536
7320
106
665
666
1200
2211
2313
2605
3119
3156
3176
3304
4075
5497
12634
1561
1578
1880
2969
3402
5048
10160
10655
11181
408
9782
3879
5220
4227
4557
4701
5827
5910
7329
11133
15945
14237
6026
14154
46
2199
6020
202
1431
1478
1485
1701
1702
1943
1971
2054
2056
2381
2511
2859
3241
3338
3366
3369
3553
4007
4228
4618
5198
5387
5482
5861
7026
7031
7037
7323
8369
8548
8573
9438
9479
10695
10837
10911
10912
10990
10998
12859
13816
13892
14164
145
486
8251
195
9604
10424
397
436
762
796
1209
1300
2154
2332
2334
2403
2540
2542
4145
4565
4725
5561
6137
6541
6766
7651
9114
9125
9359
9360
10030
10091
10883
11585
11776
160
161
231
11352
5511
6868
11397
14405
1550
7190
4190
14226
14225
6024
13952
3325
3973
6222
11148
10215
11881
3942
1355
6602
3394
2671
6115
41
3666
1946
1959
7888
2429
12669
15542
7272
755
2226
2549
4255
4271
4735
2929
1035
1072
3907
6171
6179
11783
5408
614
9518
2747
2749
1606
6019
7995
4061
15421
264
1441
1442
2133
2541
2831
3915
6831
6938
6939
8528
8711
10279
10968
12579
15515
15517
50
54
193
263
386
813
841
843
932
1120
1233
1237
1244
1284
1315
1316
1329
1333
1390
1474
1590
1833
2132
2151
2182
2229
2472
2473
2474
2475
2514
2519
2647
2758
2834
2853
2940
3208
3307
3363
3379
3600
3962
4068
4151
4460
4496
4678
5240
5386
5433
5560
5742
5982
6067
6596
6746
6846
6937
6949
6986
7022
7470
7850
8067
8149
8249
8258
9064
9065
9104
9126
9130
9135
9207
9371
9503
9534
9584
9585
10076
10444
10447
10978
11163
11336
11492
11668
11670
11772
11779
12665
12783
13121
14330
14760
15536
15697
16
2401
5174
7314
11817
11825
593
1172
1793
1804
1809
1976
2616
2714
3275
4066
4350
4719
4728
5814
6451
6929
7586
7607
7910
8204
8753
9293
9488
9501
9759
9761
9762
10235
10995
14015
14016
15462
17021
35
7416
9801
429
2043
2994
7526
2665
8729
3776
5808
6309
6311
7851
2522
5863
9661
853
8607
538
3984
4673
9199
11273
215
14512
2922
559
1373
2869
3076
3548
4677
5185
5726
6252
6253
6827
8754
9087
9136
2512
9055
5398
267
774
1402
1644
2499
3944
4023
4500
5733
6131
6385
8605
10228
10251
10894
12072
13422
16792
7
147
13856
2071
5389
2763
3987
11239
2489
3063
8856
4857
11130
2103
12972
1967
3349
8538
9482
15418
4594
5769
2218
9554
9562
3704
1213
2987
3873
4269
11416
8092
14155
856
864
1693
2187
2949
3434
3465
3601
3858
4169
4529
4727
5762
6292
6587
6976
8405
9043
9902
9909
10049
10415
11150
11667
15669
6
4016
10887
4103
5017
764
1444
1490
1884
1889
1890
1893
3386
3960
4002
4902
5734
6122
7049
7779
7913
9272
12226
13755
15564
15884
15888
16772
577
2203
6198
5259
8380
809
1488
2879
3062
6163
6368
8206
10826
7144
2091
8193
394
1287
3452
3620
617
795
1443
2227
2444
2503
2855
2881
3266
3391
3551
3687
3865
3928
6249
6427
8610
9839
10287
12663
13918
13947
14
371
8786
5340
8500
9193
15917
306
435
439
580
768
855
858
860
866
877
946
1238
1241
1358
1419
1623
1706
2362
2513
2656
2843
2861
2868
2936
3021
3042
3046
3052
3053
3456
3583
3588
3661
3877
3881
3886
4058
4130
4209
4844
4889
4890
4891
4986
5162
5163
5167
5218
5709
5713
5714
5719
5876
5911
6456
6747
6750
6754
6759
7155
7412
7502
7503
7517
8219
8316
8344
8418
9123
9327
9478
9768
9769
9770
10012
10074
10178
10179
10307
10309
10326
10923
10972
10974
10976
10981
10983
10984
11232
11282
11402
11486
11489
11504
11505
11506
11511
11717
12951
13027
13750
14581
14925
14943
14944
14945
15169
15622
17093
5954
8019
8406
8526
15052
616
609
5477
671
5581
321
523
3235
2796
4682
8273
9362
10167
17039
108
8826
7499
1730
4733
4737
1063
2871
4976
12659
12874
16822
92
3619
1591
4535
4627
4633
10031
198
199
203
3977
7858
341
4695
12778
7145
8543
8546
11617
11619
3654
1961
3210
3550
3775
5520
5592
6551
7750
7890
8120
9283
11417
14926
15102
163
1198
2175
2510
2800
4290
4446
4482
5763
5955
8371
8383
8813
9080
9483
10120
10275
11379
16573
126
854
1071
1902
2338
2862
6257
6258
14976
6911
6974
8430
9528
2776
8129
539
1043
1600
1973
2745
2801
4203
4281
5746
5751
7182
7549
8828
9110
9500
9506
9509
9512
9670
10347
11149
11333
12468
14387
1225
1518
1519
1520
1734
2901
3442
3503
3538
3539
7369
9176
9547
9555
9563
9587
11138
12761
14514
17176
1224
1980
7823
9314
9840
9843
9864
12564
1966
2744
3647
4089
7871
8769
9317
11334
11335
12999
15627
15628
6025
11081
184
10747
962
466
3088
4675
9629
15459
5412
7119
3461
9673
4697
440
1033
1368
1423
1462
2248
2249
2755
3682
3683
4213
4276
4373
4385
4509
4808
4995
5192
5864
5930
6161
6217
6523
6585
6592
6742
6828
6932
7112
7165
7316
7905
7906
7907
8144
8624
9030
9674
10035
12696
13418
14022
15057
15482
15518
16849
5409
5411
9258
124
938
2140
4240
5168
6605
6888
7046
7047
7433
8789
12725
12726
11353
1165
1173
1243
1783
1870
2019
2089
2585
2748
2750
3032
3054
3500
3702
4116
5018
5160
5213
5215
5804
5831
6005
6130
6522
6656
6783
7729
7733
8102
8644
9103
9119
9202
9514
9515
9516
9517
9519
9520
9522
9527
9529
9531
9533
9863
9867
10817
10820
10823
11289
11301
11302
11303
11306
11647
11768
11883
13920
14969
15553
17017
113
11656
14510
274
430
432
483
896
1052
1053
1054
1937
2228
2803
2805
2933
2941
3485
4301
4703
4820
5727
5835
6526
7814
7849
8024
8540
9611
9901
10077
10238
11233
11281
12046
12080
12101
12109
12111
12112
12114
12124
12151
12242
12577
12584
14260
14742
1551
6607
7193
9807
11160
12056
12141
12289
12527
15425
8094
10356
10619
379
808
1005
1353
2453
2454
2713
2716
2937
2947
2951
2973
3166
3593
3594
3917
4272
4418
4755
4756
5182
6109
6138
6139
6890
6907
7065
7446
8611
10321
11465
11773
11774
14224
325
626
661
676
1074
1348
1465
2238
2464
4723
4940
4941
5194
5508
5609
5610
5611
5978
5981
6265
7076
7232
8641
8903
9481
9484
9485
9486
9487
10073
10816
10821
11482
11563
13671
13726
14079
15139
9775
10168
10177
10878
1436
509
804
1258
1608
1910
2346
2387
3100
3101
3123
3181
3189
3199
3401
3484
3488
3496
3564
4069
4261
5390
5563
5607
5690
5803
6507
6672
6695
6739
7066
7281
7773
7847
7942
8171
8222
9209
10059
10083
10515
10522
10580
10600
10603
10605
10877
10910
11234
11989
12052
12166
12324
12436
13507
13681
14678
15496
15873
1948
2652
4358
4407
4722
5705
5840
6856
9593
9594
10106
11951
11095
7645
2696
2697
3762
4573
5191
5496
7279
7287
8185
9396
9397
9418
9419
9426
9461
9462
13658
17023
1605
3400
5075
6874
7780
7781
9648
10396
11118
13116
14738
15890
15891
15894
15895
829
892
1883
1095
1108
1531
1552
1565
1784
4134
4408
5050
5053
5839
6712
7568
10734
11157
13102
15254
329
1144
2555
1039
1164
1508
2655
2734
3272
3927
4144
6985
7116
7117
7270
8765
9540
10905
12233
12367
12421
12907
14259
14849
5732
5380
572
699
1012
1453
2244
2462
3000
4031
4311
5662
5663
7034
7669
7997
8303
9046
10232
11502
13587
13711
13819
13862
422
1580
5083
5912
9041
14774
16918
2870
5749
374
443
445
455
498
531
578
581
1024
1025
1168
1217
1313
1356
1364
1416
1473
1703
1704
1705
1707
1901
2441
2554
2623
2722
3196
3197
3232
3233
3273
3324
3370
3395
3454
3477
3478
3479
3755
3757
4035
4094
4117
4162
4175
4185
4211
4259
4554
4666
4679
5124
5184
5187
5188
5199
5202
5204
5226
5334
5353
5413
5485
5486
5553
5584
5949
6174
6177
6178
6181
6260
6622
6624
6715
6763
6765
7303
7426
7429
7600
7624
7941
7971
7994
8100
8444
8448
8449
8525
8545
8643
8646
8647
8722
8725
8755
8878
8882
8926
8928
9024
9025
9049
9058
9059
9060
9139
9146
9149
9429
9608
9609
9787
9832
10014
10165
10166
10171
10172
10173
10174
10276
10588
10779
10838
10971
10980
11120
11210
11217
11219
11286
11315
11493
12050
12120
12973
13390
13398
13401
13405
13408
13412
13541
13545
13590
13889
13991
14871
14901
16808
17090
2756
2842
3377
3888
4872
4974
5768
5975
5976
9802
12551
44
58
5478
5479
5480
6225
10361
15756
610
6879
9639
14004
5962
6293
9036
15946
15949
6979
5569
6305
11077
13583
5736
328
392
619
713
721
722
724
725
729
732
736
738
743
746
747
816
817
827
859
966
1027
1207
1230
1285
1395
1439
1881
2134
2178
2207
2208
2589
3216
3267
3268
3269
3271
3471
3638
3639
3919
3966
5028
5385
5395
5492
6219
6452
6540
6642
6804
6862
6863
7220
7386
7454
7768
7769
7944
7947
7962
8356
8441
8442
8445
8446
9738
10089
10659
10729
11082
11141
12069
12852
12872
13649
13650
14189
15602
15619
15631
55
1896
4187
4881
5325
5583
5683
5843
8391
13724
304
305
4520
5806
6595
9307
15947
15950
658
1149
1271
2525
2535
2537
3132
3143
3314
3811
4392
4394
5072
5418
5484
5764
5765
5801
5829
7300
7650
9230
9262
9287
9364
9845
10062
10751
10865
11142
11192
11341
12553
12554
12626
13895
15758
2825
5932
8225
14048
14551
1150
1251
1252
885
888
3332
133
4704
5410
2119
2093
7767
9082
6415
10492
10541
9038
13094
6700
6702
6895
6896
9725
11828
11852
11853
1359
1408
5074
6657
7180
7253
7574
8811
13114
13118
15725
15726
15829
1583
457
564
1140
1463
1464
1469
1526
1828
2307
2308
2388
3191
3193
3871
4450
4533
5564
5844
5845
5918
6224
6559
6646
6654
7013
7029
7030
7365
7677
7785
7924
7925
7981
8285
8591
8639
9398
9719
10026
10457
10521
10523
10567
10568
10839
11191
11331
11380
11834
11840
12586
14392
15744
15750
16838
4560
13112
594
620
2101
2181
2469
3029
3049
3122
3190
3527
4181
4424
4797
4798
5493
5501
6319
6726
6826
6875
7050
7141
7337
8252
8374
9088
9601
10102
10278
10280
10281
10282
10547
10550
10551
10713
10717
11521
1454
773
1101
1113
1378
1440
1675
2130
2159
2437
2459
3060
3320
4304
4527
4801
4802
5725
6221
6341
6684
6698
6699
6947
7196
7391
7424
7929
8131
8455
8819
8820
8821
9543
10181
10182
11371
11757
12424
13757
13904
14909
14911
15077
15085
15086
1748
1757
1023
3906
6603
2105
1022
1098
1585
1882
1886
1888
1892
1895
1899
1900
1992
2344
3265
3458
4043
5391
5805
6965
7125
7730
7766
7771
7772
7776
7777
7862
7946
9271
13922
15869
15875
15876
15878
16791
10898
1060
2284
3249
7081
8620
10684
6098
311
576
797
1259
1283
1542
2498
3057
3741
5670
5700
6069
6248
6682
9048
13562
13864
14897
15555
42
97
261
1210
1261
1714
1982
1991
2007
2341
2385
2400
2888
3102
3173
3251
4191
4721
4741
4969
5066
5661
6543
6633
6870
7024
7558
7805
7819
7860
7861
7930
7931
7968
7987
7996
8000
8001
8006
8170
8667
9156
9204
9395
10037
10078
10234
10428
10430
10434
10554
10555
10557
10697
10707
12795
14733
14739
15222
16797
17105
2001
8014
326
1267
1448
1930
1989
2092
2493
2698
4708
5821
6710
6711
7231
7835
10724
11290
14008
15386
7336
1829
1832
1875
2079
3056
5435
7565
7634
7635
7637
7639
7640
7641
7643
7644
7745
8473
10339
10664
10963
11544
11550
14508
15755
17033
17100
1654
1739
15626
2146
6229
8314
10032
3916
4904
6206
11874
14304
13035
937
3626
7813
7828
10899
10909
12015
14244
9456
5166
7504
1528
1789
1794
1796
1797
1819
1821
1822
4072
5509
5514
7213
7580
7581
7582
7587
7596
7599
7605
7629
7630
8447
10895
10896
12675
12979
2771
3440
4220
9603
11134
11395
66
67
69
75
95
111
128
134
138
153
154
172
183
214
240
248
262
271
322
342
344
347
350
378
382
383
388
401
415
416
417
421
475
492
495
496
507
546
560
562
574
582
585
603
607
627
632
633
637
639
642
677
684
688
705
770
785
794
815
823
828
832
844
846
898
899
900
901
908
916
918
933
956
961
965
969
970
971
972
981
984
986
1000
1002
1029
1037
1038
1066
1067
1091
1092
1097
1100
1106
1109
1117
1124
1125
1126
1153
1178
1206
1208
1245
1249
1269
1273
1277
1278
1280
1281
1290
1295
1297
1302
1305
1310
1335
1340
1341
1342
1344
1345
1365
1380
1382
1384
1385
1387
1396
1417
1430
1445
1455
1479
1494
1515
1529
1540
1541
1563
1575
1576
1615
1620
1621
1622
1626
1628
1645
1648
1669
1676
1679
1721
1740
1745
1761
1841
1842
1843
1846
1851
1852
1855
1856
1862
1878
1922
1923
1927
1941
1944
1977
1981
1997
1999
2026
2051
2052
2061
2063
2068
2077
2083
2084
13813
2125
2242
3343
4901
5568
7192
8700
10979
2104
2254
2256
2476
2659
2765
3303
3773
3859
3900
5054
5645
5947
6197
6199
6251
6340
6713
6802
7183
7219
7353
8012
8470
9039
9492
9931
9959
10157
11745
11893
14045
14596
15360
15513
15771
870
3353
5748
5916
8633
9777
10765
11199
12953
15118
9109
10199
412
413
659
1629
2386
2824
3296
3297
3473
3724
3801
3929
4167
6124
6200
6215
6286
6347
6349
6528
6740
8099
8105
8106
9955
10007
10080
10283
10357
10395
10618
10897
11103
11152
11153
11800
13586
13734
14395
16925
17092
1460
1680
3007
4182
4920
5335
5579
6801
7039
7409
7415
7423
7512
7855
7909
7911
8128
10438
10906
10913
10914
11135
11398
11767
13768
13829
15135
15514
2212
8508
12891
8843
8845
1215
2379
2974
6107
3013
3150
3215
3254
3921
7434
2938
8345
11589
15172
11240
11388
2281
2481
3457
3659
6060
6061
8957
9837
11651
9471
2775
1116
1179
1242
1311
1599
1624
2088
2138
2452
2580
2787
2790
2791
3340
3341
3354
3420
3428
3431
3689
3784
5365
5615
6132
6194
6360
6634
6723
6743
6869
7005
7082
7181
9056
9057
9624
9627
9630
11123
11822
11823
12681
13486
13707
14300
14861
14894
15928
15993
16247
16820
2767
3037
3082
3327
3656
4555
6057
6560
6978
8234
8833
9035
9277
9279
10022
10023
10207
10397
10902
10949
11154
11481
11624
11889
13747
13900
14289
14291
14357
15385
15700
8919
2436
8847
8851
8852
48
955
2961
3470
8932
10132
11228
13420
167
1492
716
850
851
924
1064
1103
1338
1688
2172
2194
2241
2621
2895
3033
3058
3127
3220
3250
3279
3392
3994
4115
4297
4510
4511
4558
5303
5305
5851
5856
6508
6572
6685
6969
6971
7633
7685
7874
7891
8403
8895
9141
9260
9510
10208
10241
10288
10310
10509
11132
11324
11531
11658
11873
12773
13518
13645
13838
14070
14364
14781
15665
15782
15978
17129
17132
17406
17555
17575
17773
18435
18827
18832
18900
20119
20397
20591
82
473
517
518
1633
3721
15211
8117
11569
1041
1655
1656
1659
1660
1661
3542
3612
3735
3737
225
1137
1389
3282
3799
331
336
2826
3774
3925
11895
910
2247
2318
2724
431
3651
3426
13876
303
1388
3486
3761
5495
5923
6785
7518
8200
11728
19022
19570
20221
2900
2902
2904
2983
300
2029
2784
16449
17398
2810
926
2806
2127
561
7618
9250
12926
13637
18910
19393
19396
19398
19402
19403
255
315
316
317
2732
227
3337
4062
4845
8104
8463
11201
11425
12082
14034
14556
18321
20228
2561
2562
2629
2641
2998
2999
3006
3388
5578
13050
13051
17562
291
640
1325
18458
2327
3005
3521
3586
7583
10268
15195
2331
2333
10528
3051
2384
2709
3670
8033
20147
61
51
1908
1912
1913
5429
20717
17381
20255
17222
17230
17231
17232
17287
17299
17321
17323
17416
17422
17537
17541
3066
3545
8238
11357
17145
17165
17167
17168
17173
279
280
556
1868
2185
10201
10829
13570
14408
16442
18613
18614
18615
18616
18617
20781
3114
10176
15431
18080
1167
1603
7277
10088
10929
11920
493
1256
3079
3867
16614
18101
20151
1246
1346
1909
2202
2232
2306
2703
2847
3067
3410
3498
3516
3518
27
63
2239
116
3179
13989
1741
2852
3909
4773
6196
9446
9796
9797
9798
9799
11131
13007
13036
13451
15375
16898
17012
17139
17140
17201
17279
17296
17413
17415
17419
17424
17432
17433
17545
18907
18912
2070
2844
2996
2997
3004
16388
2639
2759
11063
2770
3116
7308
7469
10446
10982
11603
18061
1399
1647
1806
16976
18195
2169
2171
2630
2631
15678
1336
2715
2804
6099
514
2153
14188
664
689
2851
8122
15574
1289
1291
739
1221
1222
1758
6538
16497
1595
1596
10737
13277
143
182
1609
2563
3178
5885
7107
2085
2220
2892
2191
39
1351
17685
6338
285
3274
3281
4859
3624
668
4923
2544
12567
1917
1418
5634
13759
3725
3813
4160
7203
9031
2889
2920
1421
60
185
2321
18875
18953
2373
3604
6703
6704
11101
13660
13990
14424
14651
14852
14854
14887
14888
16526
16606
17680
18063
109
950
1274
14873
1736
3252
12051
14310
15283
15284
15285
15286
18689
19436
20355
20818
740
2445
5219
7535
10482
1769
468
650
1716
16583
14554
393
1204
1671
1750
2502
2557
2730
2772
2774
3633
3766
4517
5300
5349
6532
6908
7083
7205
8213
8637
9442
9849
10015
10364
10491
11556
11560
11854
11905
12493
12571
12604
12676
13442
13693
13934
14038
14328
14343
14658
14866
15381
15716
15841
16734
16924
17617
17950
18070
18121
18200
18305
18640
18973
19342
19529
19936
19960
20118
20184
20381
20621
20884
102
366
528
1009
3
1304
1818
2236
12867
19424
76
141
380
399
467
525
537
548
579
748
863
865
880
931
958
1505
1557
1558
1560
1567
1571
1582
1612
1619
1641
1642
1686
1689
1778
1820
1935
2028
2053
2072
2112
2124
2314
2336
2371
2578
2595
2601
2642
2675
2816
2839
2948
3134
3155
3170
3188
3217
3284
3290
3299
3514
3523
3555
3760
3869
3897
3959
3990
4051
4065
4544
4699
4771
5081
5341
5346
5407
5533
5695
5755
6203
6400
6598
6714
7015
7310
7384
7496
7497
7505
7538
7626
7744
8080
8153
8226
8227
8228
8231
8233
8235
8236
8239
8398
8412
8714
9091
9106
9409
9499
9572
9823
9952
10109
10110
10319
10606
10626
10868
10882
11054
11390
11720
11729
11770
12598
12636
12759
12764
12934
13005
13389
13425
13426
13428
13445
13452
13513
13527
13594
13611
13641
13872
13898
13965
14001
14005
14020
14031
14148
14243
14349
14369
14429
14449
14460
14462
14473
14480
14483
14485
14580
14583
14703
14726
14775
14797
14833
14922
14956
14957
15006
15042
15082
15179
15225
15230
15310
15358
15377
15378
15380
15467
15472
15567
15709
15893
15998
16010
16014
16020
16041
16044
16074
16079
16095
16130
16135
16145
16152
16163
16170
16182
16368
16415
16459
16475
16697
16869
16886
16923
17086
17108
17111
17114
17115
17123
17126
17130
17131
17134
17137
17151
17152
17156
17158
17160
17164
17170
17171
17172
17177
17178
17179
17180
17181
17183
17184
17185
17186
17188
17191
17196
17198
17204
17205
17207
17210
17215
17221
17223
17224
17228
17233
17234
17235
17236
17238
17240
17241
17242
17243
17250
17255
17260
17262
17265
17266
17289
17318
17421
17477
17525
17530
17535
17538
17539
17540
17543
17544
17547
17548
17762
17770
17893
17963
18018
18038
18055
18082
18087
18194
18304
18347
18389
18393
18399
18412
18433
18509
18676
18683
18729
18793
18825
18856
19347
19410
19464
19483
19512
19595
19627
19755
19758
19760
19764
19766
19769
19849
19933
20113
20194
20331
20401
20405
20534
20539
20581
20587
20594
20612
20670
20784
20876
20877
20881
20913
20927
20945
17
18
621
744
745
2046
2047
2988
91
2725
3154
12530
12531
15243
16331
19610
726
1065
2090
4978
4979
5279
11418
13012
447
2411
18167
2117
2360
2928
3015
3494
3556
3733
13485
173
348
349
351
497
1727
2662
2458
599
1082
3698
2608
2891
709
7509
19640
360
364
1670
646
647
648
717
1008
1372
1411
1906
1911
1987
2196
2708
3003
3367
6921
7237
7796
8467
9331
10461
13772
16454
16540
16578
17104
17730
17732
17742
17743
17746
17758
166
277
638
644
70
2872
3750
549
3828
1718
1719
2743
1339
16390
2004
565
2484
5333
1482
1774
2328
3024
3238
3663
7036
7197
8157
8336
9449
9956
11516
13754
14058
14146
14149
14151
14972
17882
19503
19717
20588
20875
20933
266
791
934
935
936
1145
1437
1438
2508
343
14358
9339
2163
368
12058
19045
1151
1152
3749
7732
18486
1086
1349
2649
3286
3311
2110
2980
3467
3510
1507
2905
2260
2267
2268
2270
2272
2273
2274
2275
2276
2277
2278
2279
2280
2282
2285
2286
2287
2288
2289
3483
6566
7395
7575
8556
8564
11221
14019
15844
16429
17302
17344
17391
17513
17734
17735
17736
17737
17738
17739
17752
17953
20214
20671
40
1134
1286
2180
2183
2255
2259
3481
3826
16455
947
1306
3696
9027
2683
18453
1196
16312
715
1159
2488
13720
15120
2466
2672
2766
3231
3344
6772
10098
13766
14729
15019
15810
18919
20321
1139
1190
2836
3315
4743
6366
16410
2257
2653
2797
8373
8388
10086
17728
17731
17745
17747
17749
17750
17754
17756
17757
17760
18084
20460
20885
897
1203
1496
1920
3407
10312
11119
14964
3043
20359
4
12523
2021
16391
1031
3587
11344
301
673
674
1308
1709
2427
679
2418
14905
15163
6620
16492
16493
16494
16572
17358
20435
275
484
1658
16467
18232
18246
3084
3090
3105
6705
6725
6738
7236
9496
11904
12745
15127
17696
18124
18722
312
1322
1323
2909
15265
15299
15300
20400
411
3031
3531
3754
3759
19567
4566
10840
1798
1799
3665
2210
2566
3517
3522
16548
19932
3289
3291
10780
10781
10784
10785
3228
14906
2108
2917
730
17614
2161
2370
14977
14313
14314
889
1218
18375
18834
660
3224
2041
3787
20839
402
2684
3151
155
177
868
2404
2167
6569
16362
20431
367
472
238
3780
9218
17716
2012
1631
3770
216
218
307
323
418
448
449
553
652
675
792
833
873
903
1121
1166
1216
1555
1556
1559
1728
1756
1786
2000
2136
2145
2347
2372
2393
2414
2597
2817
2979
3248
3306
3309
3310
3524
3589
3598
3649
3758
3812
4154
4198
4225
4293
4353
4417
4438
4523
4593
4716
4932
5008
5021
5052
5073
5076
5080
5135
5206
5210
5261
5265
5301
5351
5357
5358
5359
5362
5558
5599
5624
5628
5652
5678
5681
5809
5884
5889
5986
6118
6134
6193
6263
6264
6285
6300
6327
6423
6441
6478
6535
6632
6655
6718
6793
6821
6898
6905
7136
7153
7239
7292
7306
7345
7350
7356
7543
7555
7562
7793
7798
7803
7806
7826
7837
7918
7990
8023
8029
8032
8063
8064
8082
8207
8214
8246
8402
8421
8427
8655
8704
8724
8727
8732
8774
8796
8906
8913
8937
9071
9254
9292
9294
9413
9513
9545
9733
9781
9790
9813
9826
9848
9948
10004
10028
10103
10104
10128
10140
10162
10175
10202
10284
10291
10333
10372
10374
10375
10376
10381
10386
10405
10507
10601
10627
10638
10689
10825
10842
10862
10926
10996
11024
11151
11187
11241
11242
11432
11507
11562
11595
11602
11730
11803
11851
11886
12258
12372
12558
12592
12609
12656
12668
12747
12756
12771
12847
12900
12921
13002
13047
13414
13544
13565
13929
13941
14026
14059
14125
14265
14522
14546
14553
14620
14679
14753
15011
15043
15091
15111
15150
15176
15307
15361
15529
15573
15644
15768
15965
15992
16252
16768
16773
16786
16819
16839
16848
16929
16932
17003
17026
17592
17615
17705
17706
17935
17973
18169
18398
18407
18428
18497
18502
18540
18556
18633
18675
18678
18800
18813
18851
18930
18984
19462
19493
19604
19608
19826
19959
19963
19975
19976
19977
19978
20037
20054
20171
20197
20323
20338
20389
20403
20457
20646
20666
20896
139
140
142
152
165
43
651
14898
1825
15537
2591
2593
3112
3300
3740
7380
19657
241
338
151
16567
353
354
2592
631
2628
2752
2166
1434
2530
2531
2532
2533
2534
2536
2538
2552
18921
29
1427
2526
2527
2528
2529
1788
2927
10940
373
16383
220
1045
2230
1932
3207
3453
4550
7122
7887
8690
12314
12388
19949
229
1026
2326
2013
2382
5542
12816
14117
14281
15812
15821
635
723
771
1420
3247
3922
16423
714
2300
11508
1995
2214
3333
20406
17451
1587
2780
1194
1127
3769
5950
9736
1964
2076
3198
5960
15183
19665
2361
3489
3490
11310
15935
426
876
2762
3035
3640
6379
10362
15927
17631
19987
655
672
686
687
1516
5406
8816
13542
16602
208
314
1795
2820
3157
3493
1450
18166
2425
2426
2504
2507
2925
2926
3171
8951
15056
16403
16421
18210
20174
691
692
693
696
1422
2376
295
2416
2078
2155
513
3821
16450
18137
3713
4362
18071
1046
3419
15350
1548
2515
16913
294
862
894
988
1160
1512
1755
1759
1776
1779
1907
2201
2231
2449
2596
3065
3069
3280
3356
3519
3520
3767
3866
3941
4232
4491
5850
6078
7269
7305
7307
8471
8566
8804
9069
10939
11932
12949
13403
13439
13942
14807
14867
15680
17085
17213
17420
17820
17841
18566
2518
346
352
3616
3164
1226
6473
12829
14778
16969
17567
8450
8555
9710
17945
17946
824
2204
3078
453
8737
6274
16577
1975
2223
18522
845
1738
148
125
9927
3607
3608
5348
1170
3113
3147
3497
4204
16422
2383
2405
1864
1731
6310
7453
16533
3409
474
13783
118
2558
6733
446
2192
3415
3533
8396
190
1299
2129
1332
2915
3223
3546
1839
1963
2114
2296
2467
2581
3736
3807
8223
11094
424
1042
5679
18209
330
737
1743
3743
3815
1522
1523
18534
1087
4785
9928
9973
11022
11222
16542
18853
20689
4048
5613
5999
14097
18402
2219
2221
3560
5906
11345
2363
14523
17998
20624
2618
2074
3094
2126
20175
20176
20374
6920
9682
15952
181
1394
1968
4896
9865
2625
3797
12557
16575
615
2885
20387
9350
3603
3398
17822
20515
3816
3180
1717
2737
2738
2741
2924
4503
4556
5905
8274
16432
16651
1401
1746
2147
15909
649
734
2620
2704
3025
5671
2065
3230
11337
16427
16428
16538
96
1049
2213
15420
15428
3803
6903
9430
15372
16806
119
406
1811
16586
654
16584
16585
7608
17612
1279
1805
2478
2521
3685
3686
3747
4664
5472
5526
5622
7900
13636
13749
18198
18282
20615
20616
20617
20618
4769
6584
9316
11173
14497
16954
404
923
1197
2325
169
2096
2627
15376
396
2315
2357
13090
15497
17564
1158
1814
1815
3547
4180
7609
7613
15734
18449
2066
2845
3351
19046
1189
3802
2978
2875
7204
13108
1649
3099
1089
1128
1129
1897
1958
2324
2391
2992
4577
10250
10933
16370
16404
16552
17351
12
36
174
176
886
1047
1135
8256
878
884
980
1672
1863
2195
2609
2799
2864
2897
3963
3985
4036
4900
5425
6075
6586
6983
7478
7884
8417
9573
9606
9635
10180
12520
12540
12616
12641
12648
12687
12810
12853
12876
13057
13084
13433
13604
13940
14168
14176
14292
14348
14351
14435
14447
14452
14481
14491
14493
14538
14634
14752
14772
14776
14893
14935
14936
14949
14961
15023
15024
15180
15244
15585
15639
15866
15874
16001
16069
16085
16097
16100
16125
16147
16149
16159
16165
16173
16202
16210
16216
16234
16365
16387
16389
16398
16460
16486
16810
16852
16914
16992
17113
17175
17193
17199
17208
17237
17277
17361
17375
17528
17727
17834
17943
18228
18708
19008
19194
19294
19351
19533
19557
19662
19666
19736
19759
19761
19768
19770
19771
20036
20044
20149
20157
20216
20303
20372
20438
20480
20696
20704
20882
20892
71
4080
15239
15240
7869
11907
12014
12125
13767
68
1034
1767
2422
1685
1330
1331
120
1073
164
533
534
592
867
882
1001
1156
1681
1713
1751
1925
1969
2062
2390
2395
2408
2543
3111
3375
3376
4041
4143
4499
4602
4662
4724
4775
4846
4988
5329
5332
5462
5540
5996
6112
6214
6362
6386
6469
6563
6668
6934
7135
7212
7348
7397
7398
7491
7681
7815
7892
8195
8242
8382
8619
8678
8814
8815
8949
8966
9444
9591
9771
10141
10463
10604
10625
10758
10760
10861
11363
11654
11787
11830
11900
12102
12694
12695
12739
12819
13058
13588
13638
13897
13983
14177
14413
14669
14695
15065
15186
15348
15399
15448
15694
15764
15918
15922
15929
16279
16349
16762
16837
16905
16939
17024
17136
17146
17217
17244
17343
17510
17556
17557
17863
17880
17987
18026
18247
18248
18311
18319
18329
18384
18385
18517
18677
18809
18885
18951
19219
19278
19301
19302
19674
19752
20033
20196
20227
20360
20424
20434
20440
20681
20895
37
110
213
273
3323
2099
2823
5841
6581
7059
9319
9320
9735
9846
10019
10020
11894
1130
1131
1132
1398
1570
6361
7257
15354
15355
18438
3073
1636
2807
2813
2814
9188
17494
19780
1640
1747
3507
3513
79
780
2222
1722
2044
19874
2359
1111
1205
19878
1998
1854
18271
2857
3278
11679
4738
3371
3529
20083
2553
18780
132
14321
14051
2594
2646
6694
15026
15027
3738
6648
15025
16372
19859
302
1692
13416
13417
14218
2874
3393
4337
4619
4942
5086
6290
6625
6716
6752
8184
8616
8736
9067
10633
11461
11462
12834
13029
14211
14277
15147
15148
15149
16515
16516
16517
16596
16597
18116
18117
18712
18934
19881
20320
20407
20451
20691
20731
20734
78
345
678
869
1495
3512
7004
15232
15689
963
1538
2517
4128
1866
3629
2392
17740
2389
6006
8570
9569
13613
14394
18126
1554
1594
2586
2298
8434
1597
1577
4292
10096
15989
2123
1940
3162
752
989
741
742
20832
16464
4957
17387
3131
2082
17521
2599
3226
13596
16288
16289
3397
3168
1984
18172
1547
15119
3047
2342
2607
2746
15933
18300
180
1415
4183
3772
881
2455
2977
5263
3506
3744
5322
5857
5858
205
527
535
3421
11323
852
907
951
1254
1264
1499
2120
2135
2141
2170
2516
2651
2692
2822
3050
3504
3509
3885
3969
4113
4118
4239
4435
4924
5129
5229
5295
5424
5427
5428
5430
5431
5706
5781
6307
6697
6749
7010
7291
7294
7706
7839
7852
8257
8454
8495
8805
8891
9312
9357
9619
9861
9998
10220
10350
10475
10813
11087
11096
11167
11325
11692
11860
11995
12918
12995
13033
13127
13407
13427
13432
13503
13665
13743
13830
13881
13882
13883
13884
13885
13886
13887
14012
14072
14179
14186
14236
14290
14355
14439
14455
14458
14463
14472
14704
14732
14786
14794
14881
14934
15133
15157
15257
15332
15340
15384
15451
15863
15919
15923
15960
15997
16046
16049
16064
16066
16093
16114
16162
16176
16189
16198
16204
16221
16227
16232
16405
16854
16902
16967
17107
17116
17117
17148
17150
17157
17247
17252
17278
17284
17290
17293
17294
17297
17316
17336
17341
17377
17418
17498
17509
17524
17533
17546
17587
17802
17807
18106
18481
18507
18512
18625
18748
18819
18838
18922
18978
19072
19074
19129
19304
19386
19473
19626
19762
19851
19954
19957
20402
20540
20668
20783
20921
32
7134
13986
2162
2976
5650
2569
1429
20603
5474
10597
14109
15194
465
2685
3201
3203
941
2919
765
781
1314
2712
11304
643
756
1480
4744
1568
9465
949
3839
3206
17691
488
489
3331
1762
1785
1154
1155
20462
1500
5039
18125
3748
1847
1871
2293
14334
18732
2727
2840
16358
2590
12875
2640
2952
3779
4543
298
893
5475
7895
13535
3579
16565
11385
1068
2487
20386
211
3040
10256
14200
15718
2299
11186
8487
12977
680
3691
914
2898
3008
3009
3010
3182
3205
3285
4328
4702
5297
5577
5985
6095
6924
7069
7208
7309
7376
8887
9476
9681
9850
9999
10504
10613
13655
13657
13721
15156
15315
16625
16626
16627
16628
16629
16630
16631
16632
16633
16634
17958
18555
18754
19150
662
1162
6443
10951
1869
3160
157
1456
12682
602
1657
3836
4789
5463
7377
7378
7691
9940
10628
11407
12888
13642
14032
14451
14566
15251
15657
16452
16562
18154
19974
20872
258
2894
209
3460
1838
3417
3418
3437
256
596
604
1634
1370
990
15457
3093
10917
19616
16470
776
3505
8705
200
2365
131
9699
12960
14138
735
3763
9616
11128
16603
18664
288
313
319
2694
249
964
1003
1107
12768
1266
7328
1773
2860
3715
8290
11797
2634
516
532
600
718
1085
1386
1412
1572
1610
1632
1972
2010
2018
2045
2075
2174
2246
2584
2865
2877
3044
3287
3302
3312
3615
3723
3790
3903
4001
4034
4060
4079
4150
4168
4291
4405
4542
4571
4589
4634
4668
4934
4958
4963
5212
5293
5473
5528
5730
5756
5822
5958
5998
6149
6209
6233
6259
6261
6354
6419
6442
6468
6525
6583
6610
6644
6706
6992
7011
7012
7200
7260
7280
7417
7462
7490
7514
7516
7622
7728
7752
7896
7915
7956
7963
8047
8147
8176
8229
8422
8429
8759
8760
8776
8778
8879
9164
9186
9205
9403
9404
9459
9470
9605
9972
9979
10002
10038
10061
10125
10154
10155
10293
10296
10422
10442
10466
10471
10476
10574
10632
10675
10768
10841
10849
10879
10881
11072
11144
11214
11251
11257
11270
11362
11457
11494
11683
11684
11707
11924
11942
12132
12325
12344
12347
12358
12444
12453
12651
12844
12868
12885
12961
13082
13085
13410
13543
13578
13580
13634
13712
13777
13902
13937
14009
14198
14231
14297
14345
14673
14689
14690
14838
14880
14982
15046
15095
15199
15246
15343
15344
15393
15403
15404
15405
15406
15407
15408
15410
15411
15412
15569
15681
15791
15984
16140
16197
16324
16803
16840
16868
16901
17038
17169
17202
17209
17261
17275
17314
17320
17372
17389
17400
17404
17412
17571
17590
17717
17816
17829
17878
17989
18236
18261
18267
18331
18386
18387
18390
18391
18392
18395
18396
18397
18406
18417
18432
18440
18463
18468
18478
18550
18634
18638
18643
18662
18673
18695
18738
18742
18750
18908
18940
18941
18992
19021
19065
19071
19111
19131
19157
19171
19221
19237
19261
19286
19287
19363
19425
19428
19455
19461
19466
19531
19575
19577
19741
19836
19918
19926
19939
20053
20114
20218
20294
20322
20327
20384
20398
20442
20470
20613
20718
20765
20804
20805
20806
20829
20865
20887
20942
65
1013
3276
5797
9171
1040
783
784
8293
13878
2657
3364
921
3159
2190
15732
16557
750
2666
2667
2896
11711
1753
3785
3342
3472
2237
8057
1223
376
2322
1824
5541
410
645
1498
17200
17203
17332
17405
3357
2768
84
16304
550
1123
1687
1754
1873
2080
2764
3048
3652
6192
6839
7402
7737
8216
9994
10016
11574
12743
13478
14153
14792
14843
15200
15819
15853
17368
18768
19427
20448
20449
3133
233
2377
2378
2677
6477
3081
3732
10391
11906
15471
221
223
224
11009
178
3071
17075
3414
690
1161
1183
1296
1546
1643
1858
2086
2506
2701
2863
2921
2923
3036
3200
3246
3528
3622
3636
3810
3814
3841
115
257
568
608
707
1954
1955
2600
3234
5623
7157
7539
8686
11547
12516
12786
15221
17707
18651
20915
372
618
759
800
1061
1581
1695
1720
1777
1791
1951
2829
3374
3423
3898
4101
4137
4216
4348
4452
4622
4648
4770
5088
5176
5767
5891
5937
5974
6152
6254
6313
6533
6562
6707
6790
6811
6843
6951
6994
7016
7053
7381
7447
7449
7482
7559
7592
7820
7864
7958
8073
8166
8277
8302
8397
8431
8535
8763
8849
8911
9093
9168
9181
9249
9304
9386
9612
9642
9698
9711
9783
9809
9825
9856
10009
10290
10436
10495
10519
10532
10921
10959
11010
11225
11440
11615
11626
11641
11727
11744
11827
11929
11976
12061
12122
12181
12274
12538
12563
12822
13519
13557
13695
14241
14361
14507
14560
14568
14652
14710
14816
14992
14997
15012
15051
15067
15069
15093
15104
15187
15218
15470
15739
15800
15990
16613
16616
16705
16760
16796
16895
16937
17056
17253
17285
17588
17896
17990
18127
18142
18250
18413
18418
18568
18576
18595
18804
18840
18962
18989
19029
19475
19492
19498
19554
19579
19848
19951
20017
20087
20094
20104
20110
20284
20341
20371
20536
20675
20692
20761
20811
77
253
359
427
695
831
954
1157
1187
1319
1320
1321
1324
1383
1467
1698
1749
1792
1816
1830
1877
1914
2016
2233
2330
2423
2447
2500
2588
2598
2648
2678
2812
2916
3097
3177
3359
3430
3674
3746
3805
4046
4088
4156
4847
4882
5399
5513
5788
5790
5847
6128
6330
6498
6728
6729
6731
6735
7311
7317
7321
7441
7556
7998
8002
8259
8294
8460
8524
8681
8749
8931
8945
8959
9240
9636
9847
10000
10352
10385
10674
10857
11029
11067
11205
11294
11360
11500
11623
12837
12877
12878
12879
12880
12963
12964
12965
12966
12967
12968
12969
12970
12971
13063
14060
14096
14122
14184
14230
14272
14913
15047
15096
15397
15705
16654
16853
16911
16952
16957
17133
17153
17182
17195
17330
17350
17352
17408
17440
17467
17487
17653
17708
17718
18360
18646
18653
18845
18960
19079
19136
19176
19277
19409
19433
19528
19671
19807
19825
19869
20003
20086
20170
20230
20237
20429
20607
20713
20943
99
682
4905
9040
3726
16982
451
1517
3981
4295
4296
4451
5254
6606
7126
7276
9811
14474
16507
18975
19535
385
1110
1112
2893
12415
1303
6690
720
3329
16155
551
1993
7679
9680
1844
2234
3034
3059
3794
4819
6820
8409
8541
8967
8968
8976
8979
9330
14127
14158
14725
15439
15440
15441
15442
15443
15792
16213
17212
17226
17931
18219
18779
20105
14783
3618
158
207
228
381
419
420
450
727
1050
1081
1122
1199
1257
1275
1457
1472
1537
2115
2116
2262
2355
2356
2374
2375
2457
2808
2850
2985
3089
3152
3389
3438
3596
3634
3718
3896
4038
4104
4112
4119
4125
4224
4231
4370
4401
4430
4436
4476
4481
4765
4807
4885
4895
5005
5020
5059
5244
5267
5318
5361
5471
5556
5745
5815
5873
6014
6089
6094
6216
6517
6547
6670
6776
6837
6849
6906
6913
6940
6954
7073
7154
7222
7230
7315
7332
7346
7349
7394
7455
7540
7610
7718
7882
8109
8111
8297
8299
8365
8420
8505
8574
8684
8746
8823
8867
8963
9045
9068
9108
9257
9273
9306
9392
9455
9535
9598
9926
9966
10097
10245
10308
10410
10472
10595
10608
10652
10922
11018
11058
11456
11530
11554
11620
11687
12002
12212
12545
12559
12612
12632
12654
12686
12738
12762
12799
12892
12930
13025
13026
13053
13062
13064
13065
13066
13093
13301
13459
13487
13500
13502
13731
13784
13979
14052
14083
14084
14141
14192
14229
14257
14299
14411
14520
14529
14603
14631
14857
14916
14918
14987
15113
15193
15247
15259
15328
15342
15363
15388
15429
15437
15450
15598
15638
15653
15712
15727
15745
15789
15803
15828
15859
15881
15980
16024
16053
16068
16081
16332
16671
16699
17000
17014
17125
17143
17144
17309
17360
17370
17458
17606
17607
17623
17638
17643
17649
17659
17790
17797
17798
17801
17944
17970
17994
18005
18074
18160
18264
18336
18513
18527
18606
18648
18686
18703
18705
18757
18795
18799
18865
18866
18986
19007
19009
19019
19077
19106
19121
19126
19143
19145
19161
19185
19186
19188
19198
19224
19276
19298
19305
19309
19337
19467
19474
19521
19538
19539
19650
19664
19852
19980
20254
20264
20282
20302
20324
20417
20455
20475
20503
20574
20593
20595
20715
20830
20844
20868
20911
20924
20961
20965
1840
2263
5743
5777
7598
9247
9833
12011
12130
12919
14273
14555
15646
16328
822
2918
2320
3259
15729
18148
3405
1188
1191
1192
1193
6315
3658
1539
2674
2733
2735
2050
206
1845
4549
6889
1534
906
1535
3788
171
5614
17976
17978
15383
15402
5878
14254
14819
268
3074
6301
15463
308
72
4184
15419
630
1525
2245
2699
2793
2818
2849
3096
3106
3227
3424
3480
3800
179
284
332
2576
24
4330
2265
710
712
14479
2785
1381
9638
6693
17353
20490
188
2002
16843
1607
9939
17679
17684
11268
14717
597
2931
2934
2935
2939
2942
2943
2944
3609
10043
10085
14147
18682
2846
754
1853
2158
2407
2410
7693
7694
10363
162
751
3258
3352
3435
3806
9100
19649
16451
16892
17570
19601
19635
20131
20565
4831
10596
14450
14639
16075
16179
19256
1044
17497
625
16560
4369
3018
4347
10311
10873
11644
13400
13607
15264
15279
18159
20258
799
1400
1424
6893
3508
944
13963
1872
1994
1945
16431
17723
395
573
728
767
849
945
1214
1292
1586
1735
1916
2243
2345
2645
3012
3124
3138
3140
3270
3305
3308
3422
3425
3623
3627
3637
3717
3781
3943
3965
3986
4010
4021
4037
4170
4177
4282
4434
4670
4776
4804
4887
4929
4952
4992
5002
5019
5051
5084
5211
5360
5438
5593
5644
5693
5694
5741
5780
5838
5943
5972
6082
6166
6287
6486
6531
6588
6861
6867
7170
7207
7209
7210
7262
7341
7354
7355
7357
7361
7362
7363
7364
7400
7510
7710
7756
7758
7836
8028
8123
8160
8188
8423
8428
8437
8550
8558
8632
8654
8713
8731
8799
8800
9105
9376
9424
9566
9578
9580
9764
9780
9819
9977
10041
10046
10048
10051
10054
10056
10079
10081
10087
10090
10095
10169
10200
10212
10265
10300
10305
10576
10579
10702
10730
10805
10847
10875
10935
11307
11399
11426
11431
11447
11472
11473
11555
11600
11616
11628
11716
11844
11887
11890
11966
11988
11997
12049
12078
12451
12478
12633
12787
12791
12793
12931
12940
13131
13132
13499
13577
13579
13603
13713
13780
13831
13842
14029
14136
14286
14288
14338
14342
14390
14518
14526
14570
14601
14809
14891
15002
15061
15126
15143
15210
15215
15258
15261
15317
15547
15684
15724
15778
15987
16664
16780
17328
17552
17832
17871
17873
17999
18031
18062
18196
18340
18473
18516
18539
18559
18823
18830
18847
18898
18923
19047
19117
19147
19174
19179
19207
19254
19271
19330
19348
19454
19472
19602
19821
19846
19905
19950
19969
19971
20074
20222
20396
20413
20441
20486
20510
20609
20697
20788
20880
297
874
5890
13996
18156
1169
2828
2838
3161
3163
1823
1062
3165
8740
11674
11678
20590
3141
3690
3798
1094
3185
5855
384
11411
3095
14010
20098
508
1347
2981
2982
2989
4288
4395
4671
5024
5345
5350
5956
6065
8785
10819
11593
15229
16525
16527
17001
17325
17561
17581
18818
19744
19767
20960
2958
4919
6332
6613
7159
7296
8604
9092
9820
10775
11512
11781
13110
13465
13913
14233
14509
15068
788
1371
1566
2058
2059
14470
289
681
683
2094
4084
6815
10135
2323
17890
1894
667
337
1250
2815
4508
9723
13393
887
1115
2809
1635
2602
16395
2654
3808
270
1409
3204
4824
4899
5324
5874
6643
6758
7422
7955
9187
9214
9786
10072
10147
11919
13009
13013
16345
16801
17862
17960
17975
18213
18214
18850
19469
19889
20232
3083
8018
16418
16544
16371
731
135
18027
20156
3439
14332
15818
16587
17831
20779
278
583
10570
14145
18812
20949
584
1247
1312
1451
1524
1604
1742
2030
2433
2660
4241
212
16435
3796
20368
1836
2335
536
552
757
1036
4760
5454
5754
6205
6303
6483
6825
7002
7293
7802
8087
8150
8561
9313
10040
10050
10055
10084
10301
10380
10848
10955
11174
11622
11748
11938
12394
12912
12938
13555
13664
14530
14693
14817
15303
15366
15582
16653
17369
17866
18405
20243
20422
20847
7865
14333
365
2397
1800
3192
3194
9987
7566
189
1801
12714
320
3041
3495
2111
3745
5852
7256
7451
8240
10317
14506
14677
15181
15557
16823
16830
17286
17317
17454
17459
17480
17483
17534
219
15236
505
6666
15766
20723
16380
17932
930
1181
13955
16974
801
802
2301
2571
11858
14159
14160
14600
3561
7765
12955
16605
17162
4669
80
9379
14835
13943
10527
2676
3416
5585
20142
6916
12845
1432
3072
4811
4950
438
5165
3753
15464
2186
2990
2991
10186
2622
872
20213
18980
3172
7215
3023
6170
13785
452
847
982
1265
1497
1729
1939
2505
2587
2644
2841
2856
2882
2953
3668
3890
3980
4680
4786
5870
6040
6435
6476
6482
7224
8098
8292
8834
8850
9380
9389
9716
9912
9943
10108
10193
10213
10630
10699
11105
11115
11570
12858
13328
13573
13581
13704
14137
14217
14409
14845
15561
15848
16313
16360
16374
16379
16400
16436
16466
16496
16539
16571
16574
16723
17112
17159
17514
17729
18226
18388
18425
18933
19086
19087
19088
19089
19090
19091
19092
19093
19094
19095
19326
19364
19440
19735
20099
20122
20186
20749
2440
529
919
1350
1787
3283
3441
4879
7666
7699
10710
12774
13684
15908
16916
19827
286
377
3086
1184
1185
6076
11182
18786
10721
16386
1861
13629
1369
4300
3372
4437
13804
13908
13909
13910
15352
1970
20
3211
13745
15389
19698
2798
3243
3244
6639
9997
11850
18006
18828
19798
19801
19802
19803
19804
19805
19813
20532
1253
3183
3184
6546
8501
663
19773
9824
13498
15937
6154
9385
515
719
13049
14301
15524
19669
15083
3731
812
1683
2168
3809
4287
4413
4578
4630
5082
5336
5464
5680
6245
7051
7410
7413
7615
7754
7825
8025
8110
8192
8941
8954
9315
9375
10021
10314
10400
10757
11066
11549
11928
12143
12510
12607
12690
12856
12914
12915
12916
12917
13517
13758
13848
14268
14356
14498
14532
14674
14750
15130
15356
15690
15802
15877
15882
15944
16645
16647
17122
17311
17794
18023
18051
18073
18211
18456
18656
19146
19193
19312
19355
19541
19612
20220
20330
20369
20378
20445
20478
20722
20941
519
2160
2633
18584
3830
13863
4396
20012
2794
3380
9
494
9070
3321
4009
4686
9684
15115
19479
2907
16375
7054
3064
3956
20383
10058
14312
16975
17784
18122
18523
18524
18525
18526
18528
18529
18530
18531
18532
18533
20126
2446
81
17504
3734
5494
9469
12679
12752
14414
15715
16485
16499
20798
502
1099
117
7079
17506
2258
16251
1544
1646
3218
3219
3365
83
14800
20659
11430
14798
14799
3445
15034
20123
3727
6142
10298
8358
17761
18153
2835
6506
6619
18092
530
1990
17371
2139
1076
977
978
979
983
991
1017
2337
2577
2954
2955
2956
3613
3804
3838
260
499
500
503
506
510
975
976
16369
595
19035
86
19408
17018
10985
11510
14446
20484
2485
2572
2574
19340
299
3001
13877
334
10612
170
3242
16502
245
909
2443
8844
159
5354
8910
974
4794
16570
1810
3939
5339
10927
13554
15617
15825
20769
13471
2456
18318
733
16738
17823
1579
6241
10892
4123
4294
4883
4921
4983
7854
9275
9950
10654
11215
11672
11673
11675
11676
11677
13546
13796
13890
15041
15196
15833
18234
18238
18239
18240
18242
20276
456
13540
4690
5352
7058
16314
17388
18854
1592
1593
13043
13044
13045
20672
1195
2011
2463
2819
2821
3214
3632
3655
5007
5457
5934
5935
6447
9734
9885
10708
10770
11724
12126
14576
14577
15001
15635
17815
19705
19706
20748
4138
4382
5343
6136
8461
8673
11557
11761
12873
14283
16491
18376
20912
1328
20189
13811
8107
12627
3345
7061
1493
2156
501
555
711
1138
1379
1865
1978
2022
2366
2380
2612
2693
3144
3557
3680
3971
3972
4095
4238
4428
4898
5011
5044
5426
5784
5992
6281
6302
6722
7038
7206
7211
7392
7399
7466
7657
7721
7824
7961
8007
8065
8137
8311
8484
8930
9081
9096
9197
9377
9763
10042
10221
10494
10530
11161
11188
11959
12159
12543
12800
12936
13244
13245
13663
13837
13985
14402
14415
14467
14708
14795
15004
15201
15237
15481
15673
15736
15824
15865
16016
16106
16117
16271
16317
16683
16741
16959
17083
17197
17380
17443
17602
17636
17808
17840
17956
17962
18128
18132
18599
18824
18835
19031
19080
19099
19109
19149
19151
19162
19205
19243
19257
19266
19426
19631
19667
19726
19875
19935
19946
20015
20069
20244
20271
20301
20312
20392
20633
20770
20859
20870
20948
3135
2559
4944
11383
14227
953
2329
2483
3558
4788
4984
5000
5397
5547
5674
6244
6471
6480
6499
6659
6683
6864
7006
7077
7616
7894
8050
8169
8261
8284
8296
8301
8961
8964
8965
9504
9905
9971
10013
10525
11065
11168
11349
11382
11680
11690
11726
11969
12033
14088
14503
15092
15105
15683
15733
15957
17769
18083
18085
18190
18400
18734
18806
18815
19249
19507
19845
20071
20664
20786
20787
9477
4961
2450
12351
14139
391
1965
357
358
904
2687
4981
19791
18817
3827
11071
1466
265
335
925
1096
1428
2579
3945
4030
4136
4163
4579
4659
4705
4787
4840
4869
4933
5288
5432
5487
5608
5872
6182
6350
6417
6524
6768
6854
6919
6952
7246
7511
7840
7878
8136
8212
8432
8552
9032
9033
9099
9167
9182
9203
9233
9356
9366
9620
9744
9884
9925
10324
10464
10661
10740
10746
10800
11011
11068
11086
11366
11403
11614
11785
11855
12224
12565
12591
12831
12862
13514
13659
13924
13992
14065
14203
14216
14542
14789
15021
15216
15590
16078
16763
16876
16885
17064
17259
17306
17315
17365
17553
17725
17803
17884
18046
18112
18129
18175
18322
18443
18489
18586
18706
18723
18801
18883
19076
19101
19437
19506
19632
19748
19868
19912
20062
20070
20154
20172
20187
20238
20404
20952
16469
16536
2613
11322
19544
1667
2837
3260
4039
5785
13914
14870
18410
19054
20687
2
18796
7111
3643
3610
15636
16553
6401
20042
1918
5512
2413
623
3664
12801
3107
14567
6431
6432
3835
20705
20706
20707
20708
20709
5967
12485
16835
19658
15577
19253
1376
3174
3328
1812
3002
7179
13396
13397
15668
16417
16484
18881
19700
1309
17899
293
3313
3125
13668
17098
2424
9072
16384
2031
2451
3115
3195
3515
5525
7137
7138
9435
10714
11106
11369
11422
14368
14676
15311
15319
16007
16008
18093
18094
18095
18096
18097
18307
18491
18631
18632
19116
19797
19842
20419
20579
2470
4757
4863
1461
20838
2064
2269
2583
2950
3221
3559
3719
3991
4441
4502
4823
5009
5057
5060
5374
5381
5453
5758
5941
5973
6007
6218
6280
6321
6424
6609
6842
7109
7169
7191
7680
8008
8353
8393
8479
8557
8560
8609
8858
9145
9281
9311
9333
9582
9728
9730
9975
10065
10188
10273
10345
10650
10680
10947
10987
11090
11400
11421
11561
11584
11625
11735
11750
12084
12300
12320
12435
12742
12937
12941
12962
13130
13136
13564
13568
13661
13976
14171
14262
14329
14412
14561
14582
14597
14681
15256
15763
15809
16134
16669
16777
16778
16812
16998
17094
17174
17527
17633
17655
17867
18483
18579
18612
18688
18880
18970
19039
19050
19621
19968
19998
20052
20121
20138
20144
20145
20208
20270
20316
20317
20363
20391
20415
20420
20423
20647
20807
217
1433
1947
3136
3563
3895
4380
4968
5388
5618
5848
6270
6339
6534
7484
8187
8352
9107
9261
9665
10243
11435
11712
13460
13463
14163
14167
14959
16731
16771
18034
18415
18484
18536
18575
19392
19517
19645
20165
20496
20925
766
3554
5753
12703
1879
2496
15679
18993
2317
4195
14420
17005
3611
1180
18419
18948
3142
3139
16327
3817
1536
16541
12827
1867
4595
11069
512
19924
1513
8869
19560
2753
2754
2945
3705
3768
398
587
588
1616
13056
4530
6549
9949
14513
16805
2986
4612
1956
1452
18357
18358
18359
18362
19799
16461
16617
17141
18911
5302
14996
2565
1004
2067
8
20235
3075
4077
11107
14952
15530
985
12691
12705
1904
19785
19786
15033
2705
3842
2081
16506
1807
2495
6838
10373
15936
16335
16342
17052
19042
19915
601
3818
4852
9468
10799
1449
14205
16462
16941
16425
16393
18078
605
952
1114
1413
1613
1760
1952
2121
2468
2523
2624
2802
2906
3175
3334
3997
4033
4376
4378
4518
4561
4635
4685
4750
4853
4956
4980
5190
5256
5344
5441
5468
5545
5641
5682
5686
5718
5747
5773
5774
5849
6049
6110
6188
6271
6316
6342
6497
6580
6756
6774
6786
6819
6897
7001
7188
7199
7218
7227
7249
7261
7347
7387
7457
7590
7682
7720
7988
8027
8060
8077
8083
8138
8186
8202
8276
8278
8289
8300
8458
8462
8465
8563
8572
8584
8585
8618
8718
8782
8806
8915
8943
9098
9155
9208
9212
9215
9251
9256
9289
9421
9463
9542
9614
9615
9622
9632
9685
9693
9721
9968
10092
10239
10242
10318
10433
10440
10486
10535
10631
10727
10903
10967
11178
11204
11208
11248
11266
11279
11320
11374
11524
11612
11695
11751
11878
11912
11967
12020
12175
12544
12642
12777
12803
12821
12982
13133
13299
13415
13483
13686
13716
13841
13923
13925
13977
14030
14037
14061
14251
14253
14311
14527
14598
14629
14687
14694
14701
14702
14932
14939
14940
14941
14965
14970
15155
15164
15173
15270
15272
15273
15295
15347
15433
15469
15787
15797
15806
15823
16034
16143
16295
16321
16675
16693
16756
16774
16793
16872
16875
16877
16878
16883
16897
17051
17059
17704
17902
17991
18058
18103
18152
18233
18330
18368
18414
18421
18492
18499
18593
18650
18697
18783
18852
18901
18925
18987
19005
19028
19082
19196
19311
19361
19477
19495
19514
19520
19653
19689
19831
20021
20049
20055
20080
20226
20239
20313
20357
20411
20482
20533
20538
20541
20573
20580
20684
20757
20792
20816
20899
20906
20922
20926
3628
1775
18945
3832
11808
1782
6780
10866
11280
14040
14228
14246
14248
14249
14250
14252
17520
17726
18107
18931
19587
20093
20686
20778
2912
252
290
634
973
1119
2015
2144
2206
2225
2711
2911
2984
3335
3671
3892
3894
4027
4135
4447
4538
4603
4616
4631
4834
4839
4892
4931
4970
5063
5239
5266
5281
5423
5517
5637
5672
5722
5818
5853
5927
6004
6080
6155
6159
6190
6231
6464
6470
6474
6618
6679
6720
6832
6891
6902
6918
6953
7042
7108
7164
7295
7488
7489
7567
7578
7619
7711
7753
7755
7783
7829
7903
7904
8022
8030
8221
8247
8272
8319
8325
8363
8379
8514
8553
8621
8733
8855
8938
8982
9140
9285
9390
9408
9417
9425
9431
9436
9441
9498
9581
9664
9747
9812
9923
10033
10063
10068
10075
10101
10114
10204
10210
10378
10389
10394
10423
10646
10700
10709
10748
10766
10830
10938
10954
11004
11076
11267
11321
11326
11535
11582
11613
11632
11633
11637
11642
11663
11775
11869
11879
11896
11947
11948
11965
12013
12131
12203
12430
12498
12515
12599
12664
12666
12684
12757
12823
12850
12992
13014
13042
13409
13736
13748
13821
13899
13957
13980
14002
14128
14388
14607
14638
14663
14686
14804
14872
14904
14942
15022
15075
15090
15097
15214
15234
15306
15313
15337
15447
15620
15655
15738
15769
15773
15781
16781
16815
16960
17101
17613
17650
17720
17721
17763
17813
17821
18022
18049
18118
18278
18602
18726
18784
18862
18889
19026
19034
19247
19325
19332
19368
19370
19457
19562
19746
19854
19920
19943
20019
20072
20135
20199
20247
20249
20267
20329
20332
20362
20393
20443
20447
20459
20489
20516
20546
20576
20623
20630
20651
20729
20733
20825
20836
20939
1848
2460
12975
2664
15063
16566
156
2482
3169
1514
3786
8189
13697
1723
3676
3681
204
2209
2340
3974
7868
11453
12601
14593
19282
19289
948
1078
1248
5208
5677
5766
7120
8551
8905
9889
13440
14747
18327
20430
1549
15714
17622
3751
18752
20800
2399
8758
3429
17036
13018
210
16501
16416
2524
3011
5666
5720
17857
18452
237
702
703
760
761
763
2568
20958
3387
9690
9696
3222
4433
13113
15973
15974
3657
6872
2118
14134
18033
3462
1425
2394
17676
6962
7500
2883
9172
12147
18571
18719
19061
19062
3684
4093
5378
2020
1673
16551
17608
20682
4799
11627
12723
18826
17689
13823
3660
3017
15897
753
2614
20719
4052
18204
861
4800
1133
7072
3014
3491
8534
259
276
540
790
814
912
1079
1182
1186
1227
1397
1650
1691
1826
2008
2109
2491
2658
2673
2773
2876
2908
3068
3077
3137
3209
3212
3225
3255
3322
3432
3543
3856
3901
3957
4003
4022
4059
4087
4098
4111
4122
4179
4215
4340
4342
4357
4379
4399
4415
4432
4439
4440
4458
4478
4495
4497
4515
4519
4528
4531
4541
4559
4570
4590
4592
4599
4606
4647
4689
4759
4795
4813
4822
4825
4829
4856
4886
4927
4948
4967
4975
5013
5064
5171
5178
5196
5205
5228
5238
5271
5277
5285
5327
5366
5383
5459
5467
5483
5505
5507
5676
5728
5759
5761
5789
5823
5842
5862
5892
5914
5924
5963
5964
6000
6002
6016
6029
6034
6071
6074
6079
6104
6173
6195
6213
6262
6306
6323
6331
6356
6373
6375
6389
6402
6420
6422
6436
6462
6485
6487
6539
6545
6552
6570
6589
6628
6676
6677
6691
6692
6744
6789
6794
6809
6810
6855
6886
6887
6899
6900
6973
6989
7008
7009
7043
7052
7123
7172
7175
7235
7250
7251
7259
7264
7278
7285
7286
7338
7373
7393
7461
7515
7520
7525
7529
7534
7553
7584
7604
7627
7631
7638
7652
7658
7661
7665
7673
7674
7683
7700
7716
7731
7742
7789
7804
7807
7810
7811
7844
7889
7923
7927
7935
7936
7977
7985
8035
8036
8040
8041
8044
8046
8062
8069
8084
8164
8167
8194
8266
8268
8271
8283
8315
8326
8339
8395
8400
8477
8490
8494
8507
8519
8521
8539
8571
8588
8602
8606
8625
8628
8634
8650
8671
8701
8726
8738
8742
8750
8751
8767
8788
8794
8798
8822
8824
8825
8827
8840
8862
8880
8885
8893
8896
8900
8920
8927
8944
8950
8955
8991
9015
9050
9083
9084
9086
9095
9137
9152
9163
9173
9192
9198
9206
9242
9288
9300
9322
9342
9370
9382
9410
9472
9494
9546
9626
9628
9637
9650
9683
9694
9700
9774
9784
9808
9853
9888
9897
9904
9919
9922
9924
9944
9981
10018
10027
10053
10064
10069
10100
10118
10119
10124
10126
10219
10230
10246
10255
10269
10320
10322
10327
10338
10382
10399
10406
10411
10418
10419
10449
10454
10462
10500
10506
10513
10518
10524
10529
10571
10623
10629
10635
10694
10726
10735
10762
10767
10769
10774
10788
10808
10833
10854
10864
10901
10904
10907
10918
10962
10977
10997
11019
11078
11127
11179
11203
11216
11227
11252
11255
11278
11283
11284
11291
11297
11308
11309
11318
11330
11339
11346
11361
11364
11370
11428
11448
11450
11477
11541
11579
11580
11591
11630
11669
11697
11740
11743
11762
11788
11799
11806
11826
11856
11871
11875
11891
11960
11977
12005
12018
12023
12041
12142
12187
12221
12250
12334
12354
12448
12455
12492
12511
12548
12561
12562
12603
12614
12635
12680
12693
12710
12789
12796
12808
12811
12818
12825
12830
12832
12846
12848
12854
12857
12920
12944
12959
12983
12988
12990
12998
13030
13041
13055
13104
13111
13119
13275
13479
13511
13605
13609
13685
13701
13752
13778
13802
13803
13833
13834
13844
13869
13875
13896
13928
13930
13935
13936
14003
14025
14036
14076
14135
14174
14195
14199
14207
14212
14263
14322
14331
14339
14340
14352
14366
14400
14430
14466
14541
14545
14584
14612
14615
14622
14625
14633
14635
14645
14654
14656
14665
14675
14696
14707
14716
14728
14734
14740
14765
14777
14823
14850
14907
14931
14933
14953
14955
14963
14984
14999
15035
15045
15059
15072
15098
15101
15112
15129
15151
15162
15175
15185
15203
15233
15253
15282
15302
15304
15379
15387
15426
15434
15460
15595
15615
15685
15691
15708
15713
15717
15748
15749
15751
15752
15754
15760
15779
15783
15794
15798
15834
15872
15924
15931
15958
15979
15982
15995
16005
16025
16050
16058
16060
16061
16094
16101
16105
16113
16124
16138
16157
16160
16161
16177
16185
16186
16239
16258
16261
16272
16302
16316
16319
16325
16333
16487
16652
16662
16676
16680
16687
16694
16711
16726
16729
16739
16755
16758
16788
16795
16817
16856
16887
16903
16904
16915
16931
16938
16962
16978
16980
16988
16990
17009
17044
17045
17099
17109
17218
17280
17283
17397
17550
17591
17616
17620
17651
17713
17724
17765
17780
17812
17861
17872
17875
17892
17930
17934
17936
17971
17972
17982
17995
17996
17997
18004
18007
18015
18024
18030
18032
18052
18056
18072
18131
18135
18143
18150
18157
18177
18197
18222
18274
18275
18277
18298
18301
18306
18315
18323
18328
18337
18343
18365
18367
18369
18370
18403
18429
18431
18439
18451
18462
18470
18472
18490
18501
18508
18514
18549
18557
18567
18590
18591
18618
18620
18621
18628
18629
18642
18661
18672
18717
18718
18724
18728
18730
18731
18733
18756
18791
18808
18810
18811
18816
18829
18831
18836
18844
18846
18848
18849
18855
18859
18877
18879
18884
18890
18892
18899
18904
18905
18937
18954
18958
18964
18994
19010
19011
19012
19013
19014
19023
19027
19036
19053
19081
19250
19252
19255
19303
19324
19341
19375
19377
19389
19415
19530
19536
19540
19543
19545
19549
19552
19556
19559
19572
19578
19584
19594
19596
19605
19611
19644
19651
19670
19672
19697
19699
19727
19728
19729
19731
19749
19751
19756
19763
19793
19829
19830
19840
19870
19930
19938
19962
19965
19973
19991
19995
19997
20035
20051
20056
20096
20112
20129
20133
20159
20180
20204
20212
20233
20242
20245
20257
20268
20279
20281
20288
20295
20315
20335
20345
20351
20361
20364
20370
20380
20414
20416
20432
20458
20471
20487
20492
20493
20509
20518
20547
20549
20551
20568
20600
20656
20679
20720
20725
20730
20740
20746
20764
20775
20823
20837
20846
20848
20849
20853
20858
20871
20902
20908
20914
20930
20944
20946
20955
20956
30
4584
5612
2878
16419
657
1694
3700
1936
2087
168
12802
9918
11062
18535
17256
2149
19897
19898
19899
19900
19888
19894
16453
18089
20801
16366
16477
18326
3126
2003
11597
871
1790
20888
3789
4404
8439
17505
1509
1752
2434
3098
3614
1781
7563
13828
14768
14770
14771
16144
114
16598
14370
20241
6520
14234
20092
20161
3831
905
5572
16563
18957
20390
14842
7880
14874
16447
17142
542
543
544
18789
340
1056
1527
1849
2369
2479
2560
2686
2700
3027
3117
3202
3347
3373
3599
3857
3862
3876
3902
4005
4012
4114
4313
4329
4333
4334
4356
4443
4492
4539
4585
4625
4636
4688
4696
4700
4709
4717
4736
4739
4745
4774
4862
4953
5001
5042
5061
5181
5221
5262
5264
5286
5291
5312
5326
5370
5446
5448
5450
5589
5633
5640
5664
5688
5715
5716
5737
5776
5886
6027
6032
6038
6043
6086
6088
6123
6210
6266
6298
6328
6329
6405
6418
6425
6426
6458
6488
6496
6513
6708
6748
6757
6824
6880
6915
6930
6942
6967
7240
7243
7271
7344
7456
7533
7541
7611
7667
7709
7746
7873
7920
8031
8043
8108
8118
8135
8139
8161
8173
8245
8260
8312
8328
8331
8332
8512
8531
8579
8599
8649
8720
8741
8764
8780
8839
8860
8925
8958
9047
9078
9090
9121
9185
9223
9337
9432
9458
9571
9577
9586
9602
9672
9739
9748
9755
9970
9974
9984
10029
10133
10184
10223
10270
10271
10349
10402
10459
10469
10478
10490
10508
10561
10585
10642
10645
10673
10822
10884
11001
11008
11047
11143
11213
11367
11372
11375
11434
11498
11522
11527
11543
11629
11634
11659
11691
11742
11892
11952
11970
12016
12037
12093
12220
12271
12297
12304
12380
12570
12593
12610
12623
12658
12685
12741
12770
12807
12927
12935
12974
12976
13016
13031
13086
13109
13276
13394
13395
13402
13424
13429
13470
13473
13476
13495
13512
13516
13600
13666
13667
13705
13722
13728
13806
13815
13851
13960
13987
14011
14035
14196
14219
14247
14294
14346
14360
14391
14398
14404
14407
14421
14432
14486
14504
14519
14521
14547
14563
14588
14608
14698
14727
14735
14746
14784
14825
14841
14859
14862
14863
14879
15055
15064
15073
15074
15121
15184
15212
15245
15249
15329
15345
15349
15468
15550
15588
15623
15659
15664
15693
15735
15762
15776
15793
15827
15836
15840
15867
15885
15887
15969
16006
16012
16038
16057
16077
16088
16089
16091
16104
16148
16151
16181
16206
16223
16224
16236
16278
16285
16297
16303
16320
16357
16636
16686
16700
16704
16727
16754
16833
16893
16907
16908
16979
17006
17127
17161
17211
17273
17307
17349
17359
17401
17423
17429
17438
17461
17491
17493
17526
17551
17599
17604
17619
17635
17644
17648
17830
17885
17886
17900
17939
17955
18019
18120
18141
18171
18173
18176
18206
18309
18324
18383
18427
18459
18605
18624
18700
18704
18715
18716
18762
18802
18886
18896
18914
18935
18963
18966
18968
18977
18982
19033
19069
19108
19122
19123
19137
19169
19181
19190
19204
19206
19220
19234
19240
19258
19269
19270
19292
19297
19319
19344
19384
19478
19491
19511
19516
19565
19589
19618
19625
19633
19637
19646
19738
19772
19790
19819
19835
19850
19908
19921
19931
19953
19982
20016
20031
20034
20050
20077
20102
20111
20117
20124
20127
20166
20178
20181
20217
20224
20250
20298
20308
20326
20339
20340
20388
20410
20444
20505
20553
20619
20627
20634
20678
20712
20754
20768
20772
20790
20815
20826
20843
20898
20903
20907
20937
16480
16579
16580
10731
16434
2545
16696
19599
19992
10505
15528
5469
9457
14811
15566
14293
7841
14869
586
2305
149
9434
13644
13906
8141
2432
13436
13817
6645
7374
8801
1414
798
807
1905
5498
13917
3339
17511
1942
3716
8712
14864
875
16472
19097
16558
20728
3511
3792
2165
14215
1780
3109
15049
9765
11706
11897
15730
5
17577
17578
17579
706
2261
2873
15391
222
14401
18394
1708
7601
7588
4779
18339
454
1481
1898
12655
1093
6407
16489
2128
5942
7974
16409
16441
17276
7602
7606
11848
6162
3823
16561
269
15028
94
103
201
296
749
1010
1077
1080
2152
2271
2319
2691
2695
2964
2965
3038
3103
3104
3167
3263
3330
19656
28
8719
11039
19263
19274
879
13832
5069
7298
11758
16353
17078
17733
2670
3697
4141
4346
4922
4965
5234
5237
5355
5364
5527
5595
5696
5811
5898
5959
6237
6299
6380
6467
6844
6878
6945
6960
6991
7171
7254
7297
7382
7432
7485
7577
7999
8056
8114
8140
8253
8317
8322
8375
8530
8660
8752
9427
9574
9705
9707
9712
9715
9757
9947
9985
10039
10057
10502
10676
11247
11274
11469
11567
11594
12057
12185
12219
12402
12625
12746
12993
13524
13539
13569
13687
13808
13962
13964
14209
14319
15060
15081
15189
15392
15593
15972
16282
16660
16661
16909
17645
18012
18044
18455
18541
18698
18720
19590
19620
19638
19701
19710
19986
20025
20202
20289
20293
20342
20375
20488
20524
20642
20808
20817
20861
20866
12765
18208
20736
15842
19183
5338
6042
10426
803
929
1674
2032
2690
3492
3899
4107
4332
4391
4397
4398
4489
4605
4607
4692
4698
4860
5128
5141
5142
5368
5510
5532
5649
5854
5881
5931
5957
5980
6083
6135
6284
6295
6429
6434
6724
6779
7173
7226
7405
7468
7692
7759
8097
8103
8286
8321
8491
8537
8578
8593
8635
8699
8902
8917
8983
9101
9131
9196
9235
9238
9297
9298
9378
9381
9387
9420
9595
9641
9643
9758
9806
9852
9872
9929
9934
9978
9983
9991
10146
10149
10209
10254
10360
10401
10407
10493
10526
10533
10556
10583
10647
10683
10754
10815
11329
11393
11458
11514
11793
11872
11945
11981
12006
12209
12295
12405
12588
12611
12650
12797
12813
12865
12909
12929
12989
13122
13300
13419
13532
13593
13694
13699
13727
14191
14194
14316
14397
14559
14599
14604
14623
14657
14660
14791
14812
14966
15423
15526
15579
15586
15594
15600
15605
15616
15742
15846
15883
15930
15968
15999
16036
16054
16067
16080
16112
16118
16128
16253
16259
16276
16292
16354
16639
16701
16713
16716
16718
16725
16894
16936
17008
17060
17097
17110
17301
17355
17364
17568
17618
17629
17764
17894
17908
17949
17965
17977
18155
18217
18224
18225
18251
18295
18442
18465
18547
18551
18582
18839
18841
18867
18950
18976
19152
19208
19212
19284
19322
19328
19576
19648
19704
19857
19952
19988
20038
20041
20134
20256
20259
20376
20377
20379
20395
20412
20497
20502
20537
20700
20745
20751
20756
20774
20845
20953
19
6892
14571
14988
14989
14990
15110
17071
19526
526
993
2009
2131
2830
4011
4237
4245
4507
5299
5306
5586
6041
6208
6466
6753
6771
6841
7025
7425
7760
8015
8459
8476
8603
8818
9160
9239
9508
9552
9654
9835
9957
10592
10669
10786
10853
10952
11319
11327
11332
12071
12157
12420
12986
13079
13279
13556
13855
13907
13998
14074
14422
14613
14649
14650
14762
14919
15103
15207
15362
15454
15862
16045
16269
16804
17047
17089
17303
17357
17374
17444
17457
17652
17656
17796
17985
18050
18461
18622
18787
19038
19113
19130
19184
19260
19267
19346
19487
19765
20090
20223
20278
20468
20528
16504
16505
13640
14119
14028
15660
16582
17502
17952
19015
19787
19809
19055
17694
6204
1435
5175
14320
15710
15759
8058
2188
3565
3635
3837
5436
13054
18554
18709
18710
19925
20018
13520
13521
15822
19500
14315
403
2290
2795
3022
15612
19078
12560
20205
2848
18639
13141
18996
9147
5783
17799
5894
5231
14482
16174
3499
5289
10122
15191
15559
16955
3061
3998
6308
8416
10355
10900
12922
3602
4109
4617
5729
6751
7178
9440
9967
10248
10473
10777
10851
12266
12534
12820
13484
13961
14643
14820
14980
15170
16098
16315
16665
16672
16724
16735
16747
16752
16766
17007
17025
17549
18334
20040
20426
20605
20897
16534
16535
16599
16600
17214
20373
5724
606
653
670
1011
1293
1813
2060
2539
2551
2570
2960
3026
3045
3346
3382
3834
3872
3920
3926
3940
3982
4139
4158
4173
4201
4219
4414
4416
4426
4514
4522
4525
4575
4621
4639
4665
4684
4706
4711
4712
4740
4747
4748
4777
4778
4784
4806
4884
4925
4930
4943
4989
4999
5062
5114
5125
5127
5207
5230
5275
5290
5369
5375
5377
5384
5414
5447
5455
5458
5548
5597
5601
5648
5651
5653
5655
5659
5667
5668
5692
5701
5702
5717
5723
5802
5865
5888
5917
5929
5940
5946
5968
5997
6056
6062
6081
6105
6106
6144
6153
6167
6180
6184
6202
6268
6320
6322
6345
6348
6365
6399
6412
6421
6437
6438
6440
6461
6490
6505
6511
6512
6518
6529
6556
6558
6573
6578
6579
6617
6651
6653
6664
6674
6709
6799
6805
6816
6857
6882
6923
6925
6927
6946
6963
7035
7064
7067
7124
7128
7132
7149
7163
7176
7184
7189
7195
7248
7265
7339
7403
7437
7452
7467
7508
7617
7646
7659
7668
7676
7714
7722
7794
7808
7818
7879
7902
7932
7984
8037
8052
8078
8085
8089
8124
8148
8165
8191
8211
8248
8318
8330
8335
8337
8342
8376
8377
8387
8392
8415
8424
8435
8475
8511
8529
8567
8576
8582
8614
8629
8651
8670
8672
8744
8762
8779
8791
8838
8842
8848
8857
8889
8907
8933
8956
8988
8995
9001
9023
9051
9053
9127
9174
9175
9178
9179
9180
9241
9253
9321
9368
9405
9412
9416
9447
9460
9466
9541
9644
9679
9687
9701
9724
9752
9753
9754
9756
9772
9776
9794
9814
9830
9860
9873
9932
9946
9963
9965
10067
10070
10094
10115
10117
10183
10189
10196
10197
10216
10227
10261
10297
10358
10369
10377
10384
10398
10420
10439
10479
10481
10496
10497
10536
10539
10569
10575
10586
10599
10634
10636
10651
10657
10658
10662
10668
10685
10688
10690
10691
10701
10706
10711
10722
10744
10771
10806
10807
10832
10834
10850
10871
10880
10916
10936
10946
10958
11000
11007
11091
11104
11125
11145
11164
11166
11172
11244
11246
11250
11261
11275
11277
11288
11311
11312
11317
11354
11356
11358
11404
11423
11451
11468
11470
11475
11537
11538
11564
11577
11596
11655
11703
11733
11738
11739
11756
11765
11780
11809
11841
11846
11861
11862
11910
11914
11915
11950
11954
11958
11961
11962
12001
12007
12025
12043
12044
12045
12060
12067
12073
12081
12098
12104
12116
12136
12149
12155
12171
12189
12205
12244
12251
12256
12264
12267
12277
12287
12306
12307
12321
12336
12339
12375
12378
12412
12426
12465
12467
12484
12499
12500
12528
12532
12608
12637
12638
12678
12689
12740
12812
12814
12841
12860
12866
12908
12945
12947
12950
12952
12985
13004
13017
13024
13052
13060
13096
13117
13273
13446
13461
13469
13477
13482
13492
13494
13531
13533
13534
13553
13669
13691
13698
13703
13706
13714
13781
13818
13840
13861
13871
13894
13997
14017
14027
14042
14062
14068
14069
14129
14178
14183
14187
14206
14232
14235
14242
14284
14285
14354
14374
14396
14399
14406
14533
14548
14565
14572
14590
14592
14637
14640
14661
14662
14664
14667
14670
14672
14705
14714
14743
14748
14751
14818
14824
14830
14844
14856
14903
14930
14975
15080
15088
15089
15117
15131
15167
15168
15171
15188
15271
15294
15296
15325
15346
15364
15400
15436
15554
15560
15633
15642
15662
15675
15676
15677
15688
15692
15774
15784
15795
15799
15801
15805
15814
15858
15912
15951
15966
16021
16039
16047
16048
16059
16065
16083
16110
16139
16242
16254
16263
16296
16301
16336
16350
16641
16643
16646
16677
16684
16688
16692
16698
16703
16717
16737
16745
16746
16749
16751
16765
16769
16779
16798
16809
16811
16814
16857
16874
16891
16922
16933
16977
17016
17042
17558
17559
17595
17603
17609
17626
17634
17714
17774
17775
17776
17779
17800
17814
17864
17895
17909
17941
17947
17967
17968
17974
18040
18054
18077
18090
18113
18119
18134
18146
18191
18192
18262
18268
18308
18341
18408
18409
18411
18450
18467
18494
18503
18515
18538
18548
18552
18560
18563
18569
18583
18589
18608
18611
18630
18635
18663
18696
18701
18707
18721
18735
18749
18751
18785
18803
18861
18864
18878
18887
18902
18903
18916
18920
18942
18944
18949
18965
18972
18974
18981
18983
18991
19024
19041
19043
19112
19118
19153
19280
19313
19331
19345
19366
19369
19416
19438
19458
19470
19476
19496
19513
19518
19532
19534
19537
19547
19553
19555
19574
19581
19588
19607
19639
19652
19654
19660
19663
19687
19725
19740
19742
19745
19841
19858
19864
19873
19877
19958
19966
19996
20001
20005
20039
20059
20060
20076
20081
20095
20108
20109
20136
20143
20164
20179
20192
20209
20229
20231
20246
20269
20283
20287
20290
20297
20300
20307
20310
20311
20314
20333
20337
20344
20348
20349
20385
20453
20481
20483
20514
20530
20543
20570
20584
20614
20657
20680
20690
20693
20703
20727
20732
20753
20773
20803
20827
20835
20856
20874
20905
20923
20936
20938
20963
4552
9085
10512
17225
18888
19439
3301
6157
6382
6773
7474
10846
11189
15263
15269
17096
19993
20890
18139
13807
4894
5444
5460
5529
5703
5820
7487
8351
9153
9232
10225
11253
11368
11671
11805
12597
12843
12855
12889
13735
13911
14347
16648
18426
18597
20755
6836
19783
20008
4661
10932
12537
19622
9400
2173
3948
3978
4351
4805
4966
5328
5356
5596
5639
5798
5901
6255
6637
7040
7241
7388
7816
8777
9411
9671
10253
10323
10340
10404
10435
10704
10712
10752
10776
10869
10965
11003
11414
11509
11608
11685
11746
11859
12153
12246
12715
13278
13610
13891
14006
14066
14309
14684
14697
14865
15013
15220
15228
15326
15583
15641
15667
15703
15728
15889
16090
16132
16283
16338
16679
16708
16710
16824
16889
16956
17054
17703
17828
17948
18100
18637
18969
19390
19406
19494
19551
19597
19861
19862
19919
19964
19967
20010
20140
20146
20167
20354
20556
20625
20629
20698
20737
17331
17376
1962
2663
5180
6015
7536
9128
9303
9393
10738
12600
13450
13653
13982
13988
14023
14371
15318
15320
15455
15880
16018
16019
16341
16866
16867
17677
17712
17879
18685
18739
19105
19132
19138
19154
19155
19163
19165
19180
19215
19246
19296
19329
19357
19647
19818
20263
4506
8837
9443
10455
12851
13651
13993
16691
17379
18990
19110
19144
19173
20067
20409
16970
928
4751
7881
7983
8761
9363
9536
13037
15916
17383
18863
18868
19066
19203
19624
11599
18168
4477
4564
6764
21
4480
10953
17417
7062
9089
9789
10304
11033
12569
15671
16945
20465
7655
4126
6312
6395
7161
7531
8962
9365
9836
10470
10566
11206
11885
13978
20525
11698
12521
12522
13508
18474
18873
18874
12645
12646
16478
17554
12784
12785
11992
16882
19712
292
13835
2884
10616
4321
4667
4694
4916
4936
5711
5875
6357
6430
7018
8456
8499
8863
8960
9871
10581
11202
11791
12575
12576
12578
12580
12581
12582
12583
12585
12587
12711
12775
12776
12780
12781
12805
13140
13466
13614
14511
14840
14858
15224
15248
15333
16108
16154
16203
16308
16355
16787
16900
17249
17251
17269
17300
17431
17593
17791
17940
18010
18636
18744
18906
19272
19634
19753
19844
20046
20183
20558
20652
20660
8766
6289
17755
11975
557
960
1521
2899
2995
3229
3688
3820
4270
4305
4361
4551
4615
4971
5010
5041
5233
5269
5466
5531
5603
5793
5893
5920
5961
6033
6087
6093
6097
6201
6324
6388
6472
6553
6608
7258
7283
7352
7389
7435
7477
7544
7570
7715
7719
7725
7764
7876
7922
7943
8004
8265
8320
8366
8404
8504
8509
8562
8656
8679
8772
8783
8835
8853
8868
9118
9134
9243
9252
9433
9464
9743
9805
9818
9935
9958
10294
10302
10484
10670
10753
10791
11070
11177
11231
11343
11392
11427
11442
11476
11523
11553
11578
11666
11714
11798
11816
11835
11864
11999
12099
12105
12269
12302
12413
12507
12535
12657
12702
12815
12842
12897
12933
12978
12991
13008
13129
13458
13472
13489
13490
13496
13497
13537
13670
13730
13836
13868
13870
13901
13981
14043
14131
14157
14181
14256
14261
14298
14353
14502
14595
14610
14632
14636
14653
14692
14723
14761
14826
14827
14836
14851
14868
14876
14896
14971
14998
15128
15134
15140
15142
15178
15223
15238
15432
15629
15704
15707
15765
15804
15892
15911
15934
15988
16011
16055
16084
16092
16103
16264
16268
16284
16309
16337
16344
16644
16674
16695
16720
16730
16733
16743
16748
16776
16825
16832
16844
16847
16851
16921
16981
17010
17019
17594
17624
17632
17646
17870
17874
17937
17983
18041
18151
18227
18258
18332
18364
18460
18480
18485
18510
18511
18736
18790
18917
18918
18928
19232
19251
19310
19373
19381
19505
19519
19550
19569
19583
19586
19800
19882
20088
20115
20116
20177
20261
20291
20325
20347
20358
20399
20452
20454
20477
20498
20622
20640
20650
20683
20735
20760
20795
20893
20957
14425
12871
4826
10443
15000
16926
17792
19217
19922
1598
3722
7201
12662
2396
4053
19686
17572
20193
20555
12660
15905
6650
5594
8935
1835
3782
5792
7853
10483
11497
15048
15177
12168
14892
15994
20636
16850
20585
9921
5296
19499
12886
13125
13826
14853
15308
15341
17702
18316
18320
19167
19233
19508
19863
20567
3669
16437
9886
10828
11391
11405
11986
20620
16311
17838
18348
19548
4102
4861
4977
5189
5442
7158
8426
8743
9133
9914
10437
10648
10666
11156
11384
11638
12605
13530
13715
14214
14562
14805
14915
15204
15637
15856
15948
16027
16111
16241
17084
17334
17392
17445
17630
17786
17788
17865
17981
18679
19030
19135
19178
19315
20169
20190
20504
20638
20716
20759
20854
407
20225
13623
14731
15940
15941
20421
2142
3712
3720
15575
12707
9428
20011
414
11109
883
3999
5401
5993
12596
12881
12882
12883
12884
18081
18894
1294
20654
370
16604
18915
19395
19400
19401
19404
19405
19414
19420
318
2406
11865
12901
12902
12903
12904
16274
17248
19948
8717
12870
13849
18562
19911
3541
15100
4918
11987
12672
12673
12674
3358
3739
3861
4050
4646
4928
5919
6514
8674
8897
8918
10485
12094
12550
12552
13506
13575
13798
13999
14621
14808
14832
14923
15137
15331
15743
15831
15845
16009
16352
16947
17589
18245
18317
18487
18956
19084
19085
19354
19524
19839
19906
20464
20485
20521
20577
20929
9915
11911
2760
4108
4601
5058
5503
5570
5571
5907
5977
6235
6904
6936
7351
7507
8338
8346
8347
8443
8876
9335
9583
9964
10082
10624
10732
10745
10827
10956
11264
11276
11420
11749
12059
12322
12782
12906
12997
13028
13438
13474
13760
14007
14170
14691
16286
16306
16326
16670
16950
17785
17901
17951
18021
18057
18059
18506
18814
18971
19158
19299
19380
19643
19730
19944
20285
20589
20714
20959
19096
2575
13547
3947
4513
5342
6568
6988
7480
7735
8323
8498
9388
10451
10928
11220
11229
11316
12541
12712
13561
13576
14130
14806
15289
15301
18098
18658
20366
20575
20695
20814
20864
669
6428
13019
13020
13021
13022
13023
13536
15335
15672
18325
20014
10617
13567
15521
17430
20782
1357
4486
5883
6276
6817
7252
7689
7867
8861
9000
10222
11269
11467
12029
12958
14646
14877
15094
15219
15291
15971
18604
18805
19713
20819
12215
13097
18281
8768
4498
12923
13616
14325
19585
12760
16640
4781
5859
6346
8493
10093
10582
11688
13101
13124
13128
13632
14564
14648
15835
17264
17295
17298
17342
17437
18109
18377
18378
18379
18380
19120
19141
19225
19522
19815
19883
251
444
641
3964
4018
4319
4456
5535
5915
6059
6732
6734
6737
7017
7055
7866
8577
8682
8953
9184
9194
9217
10460
10560
10594
10966
10991
11488
11503
12643
12677
13729
14049
14524
14586
15114
15208
15520
15914
16860
16861
16862
16863
16864
16865
16999
17239
17682
17891
18644
18961
19527
19614
19615
19843
19956
19985
20066
20592
10236
9219
4049
7238
10036
10060
10639
11908
12758
12890
12928
14500
14978
15144
15603
16880
17532
17766
18108
18266
19159
19172
19175
19318
11710
4473
15915
19563
18797
3468
104
12895
6008
13061
17621
93
12722
20637
7130
13702
16821
15078
18110
16373
4055
5620
6096
8324
8803
8936
9195
11433
12035
12154
14745
15674
19025
20139
20252
20726
20886
8523
2039
2097
2102
2358
3240
3729
4189
4236
4312
4316
4338
4343
4349
4354
4588
4623
4710
4763
5522
6084
6092
6325
6363
6457
6548
6550
6678
6680
6851
7396
7498
7560
7593
7757
7770
7787
8291
8368
8410
8464
8627
8721
8865
9076
9117
9645
9751
9838
10003
10187
10408
10665
10678
10736
10763
10812
10818
10858
11021
11122
11140
11190
11449
11618
11747
11836
11922
12178
12204
12404
12649
12828
13281
13447
13454
13481
13526
13550
13617
13618
13635
13865
14063
14255
14587
14619
14624
14627
14655
14837
14921
15106
15107
15146
15584
15596
15649
15696
15702
15780
15790
15921
15961
15962
15964
16116
16121
16123
16141
16168
16281
16340
16642
16666
16682
16702
16709
16744
16770
16782
16919
16935
17031
17040
17057
17061
18013
18014
18043
18102
18123
18158
18479
18493
18926
19037
19335
19338
19367
19468
19515
19629
19734
19817
19820
19838
19866
19955
20007
20079
20084
20101
20106
20150
20173
20240
20262
20274
20328
20334
20356
20394
20436
20598
20632
20744
20889
20894
20916
20917
18060
6037
6990
7662
8179
8702
10285
12408
13566
15018
16656
16764
19816
20602
13708
14308
19860
15477
3336
5971
6250
9633
11899
12606
14324
14605
14680
14779
14828
15250
15601
17574
17826
18544
19661
19917
20474
18938
11401
15190
3672
5470
5404
12763
10477
15197
13449
16273
13551
9467
19811
19812
18366
14389
17147
4479
4693
4720
5014
5045
5065
7167
7948
8178
8734
8812
9750
10240
11020
11517
12091
12218
12255
12431
12440
12809
12864
13399
14428
14444
14453
14484
14490
14958
15158
15466
15572
15661
15737
15938
16028
16029
16040
16119
16142
16166
16184
16187
16201
16205
16215
16219
16230
16265
16293
16657
16759
16859
16899
17227
17324
17647
17772
17783
17805
18144
18145
18437
18581
18741
18872
18967
19358
19431
19856
20526
20608
2069
2291
4025
5419
5994
7214
8190
8934
9383
10421
11292
12286
12526
12769
13733
14754
15808
15981
16658
17011
19339
19460
19884
20545
20653
20900
20919
20964
7473
18788
11709
13106
20606
1931
4121
5257
5268
6085
10456
13392
13944
16347
17095
18537
20641
2465
4221
4442
4837
6561
10190
11073
11518
11534
11857
12546
12720
12946
13000
13761
13762
13763
13764
13765
15007
15786
15975
16280
16343
16673
16678
16706
16920
17898
18909
19020
19929
20564
20662
20767
20833
13814
8706
10559
20552
13608
13612
15217
15446
16522
19623
7151
11235
1949
10705
13448
13548
13926
13927
13946
13948
13950
13951
13953
13954
16985
16986
19902
20427
5337
1510
4772
5899
7282
8520
9489
10573
13584
13585
14018
14461
14611
14780
14979
15357
16200
17824
17825
17903
17904
17905
17906
17907
17910
17911
17912
17913
17914
17915
17916
17917
17918
17919
17920
17921
17922
17923
17924
17925
17926
17927
17928
17929
17992
17993
18374
3264
20201
12514
1543
9493
17625
13859
14193
9354
17781
2150
6798
13598
13773
13774
13775
13782
14197
14245
16508
16509
14594
13280
13574
15456
16035
20810
4375
7060
12869
14073
16471
19349
9265
6398
3692
6445
8914
15954
17190
17288
17340
17522
15003
6847
13672
13912
18381
14123
11760
19334
14087
18115
14165
7846
14090
10134
14094
16607
16608
18794
6147
16511
16512
16513
16514
9976
11347
15009
19718
19719
19720
19721
14071
14099
20073
20082
14270
20168
14102
14108
14112
14275
8730
10427
20771
14276
14114
8492
14115
14116
14092
14098
14100
14101
14104
14105
14106
14107
14110
14111
14885
18280
14120
3742
4422
4691
4962
5040
5371
5616
6812
6972
7020
7519
7792
8518
9062
10170
10915
11631
11754
12089
12574
12792
14044
14376
14860
15298
18466
18594
19333
20075
20132
20137
20500
20569
1090
2582
4200
4516
4959
6031
6108
6353
8203
8666
9689
10942
11002
11794
11940
12630
12719
13431
13558
13737
13738
13739
13740
13741
13779
13809
13949
14078
14403
14616
14763
14767
14994
15267
15580
15775
15896
15985
17032
17035
17777
17984
18457
18626
18670
19600
19796
20425
20428
20935
15395
15746
18727
20130
2643
15747
5255
6840
6964
7217
7838
7912
9332
9445
9722
9900
9930
10313
10445
11708
11732
11782
11784
11971
13089
13274
14983
15475
15767
15847
18893
19504
20260
2292
14335
17778
18182
18183
18184
18185
18186
18187
18188
19259
20128
20461
20752
3403
8270
12076
13083
14133
9803
5573
6995
7247
8237
13538
14974
15525
17154
17281
17312
17329
17333
17410
17495
20078
18069
9704
1684
4230
5417
6191
6333
6571
6848
7542
8021
8045
8126
8288
8468
9169
9903
10143
10145
10206
10211
10510
10733
11328
11821
11923
11996
12519
12594
12670
13107
13552
13615
13853
14578
14821
14839
14948
15109
15287
15336
15549
15618
15854
16115
16294
16775
16831
16906
17337
17403
17596
17627
17640
17654
17804
18136
18684
18763
18769
18871
19051
19182
19306
19317
19417
19606
19630
19743
20273
20280
20491
7233
10637
15650
14902
7663
20013
772
4318
4323
4324
7335
7960
8648
8739
10351
12027
12138
12201
12288
13880
15401
17135
19558
20002
20024
17839
17069
14525
20469
19824
16381
11525
14488
12692
10764
848
14883
2963
3482
19058
19059
13468
16564
589
3595
3597
11499
10465
4604
5665
9326
11946
12144
12305
17517
18641
20901
16359
18565
13462
18088
20437
19564
4524
5539
5636
5988
7326
7545
7670
7893
8506
9718
10641
11184
11838
12036
12721
13493
14981
15478
15832
16051
16650
16721
16871
16881
16997
17049
17887
18035
19876
20030
20631
5600
5832
5979
7532
9189
19421
20162
17452
2913
8230
9329
11295
13654
15281
16042
16172
16195
16222
16225
16226
16228
16367
18623
18778
19914
20519
3544
11111
16378
17399
19430
19394
19397
3840
19067
17385
17386
15817
7899
15815
15816
20068
4809
6044
4419
5236
11542
13032
13080
13680
14190
14436
14456
14457
14476
15568
16004
16030
16087
16107
16190
16191
16217
16249
16439
17128
17484
18545
18699
19244
19994
20604
20909
15510
12346
20644
20645
13682
3540
17471
16031
16037
16076
16096
16131
16153
16164
16169
16192
16207
16209
16211
16262
16267
16382
16488
19732
20517
14427
14441
14445
19885
19891
19892
19893
19895
9151
1055
20739
14305
20802
3463
7133
3693
13437
3771
4490
7023
11487
12911
14471
15488
15489
15490
15491
15492
15493
15494
15495
16171
18294
15484
5744
14730
18619
20542
613
2435
10010
20883
9115
12429
13719
14495
19411
19412
19413
19418
708
16742
19887
2164
5555
12861
20658
17046
17573
4064
15607
7736
7738
14423
15624
17767
17768
19308
19680
20561
19714
13034
9634
15686
15807
4537
20648
16233
18016
4307
4858
16481
3091
15036
16576
19696
16424
16590
16591
16592
16593
16594
20950
127
3277
15698
14021
18574
16790
15398
5860
19961
20562
4780
20299
20346
15741
20785
2792
7877
13011
17670
17671
17672
17673
17674
17661
17662
17664
17665
17666
17667
17668
17669
4816
4817
18436
3158
16402
18029
15970
16622
1030
9142
19890
16581
10161
16559
17053
16545
10545
16412
4730
11060
18181
18693
18725
1876
8367
11496
16032
16870
16873
16879
19779
19784
20473
2910
19754
14124
16468
16568
15014
15015
15016
8890
9480
9749
12572
13003
13769
14075
14442
14468
14469
14487
14642
14647
15761
16218
16463
16490
16944
17119
18138
18147
18680
18988
19073
19362
20840
10024
18201
18202
18205
14928
15242
16364
15706
16440
5646
14103
16448
15351
1212
13839
13858
16411
17022
1506
16546
4897
14878
15740
17610
3822
19782
18434
2442
4054
4229
4764
6164
7408
9112
9113
9988
10005
12222
12704
12706
13115
14796
15141
18561
19598
20918
5685
7530
11586
12042
14813
15165
15314
20776
20777
20236
16556
17503
2235
4850
15587
5740
9336
9505
9651
9662
10429
10919
11831
11909
12214
12471
13597
13850
14709
15276
15581
16732
17954
17959
18498
18521
20596
20747
4176
14465
20472
17835
13134
14700
16549
10153
7791
14569
13046
18170
6835
6984
9842
11480
20141
3605
4206
4718
5245
5403
7741
9590
10129
10368
11262
12032
12100
12113
12539
12942
14000
15614
15870
20125
20701
20824
16361
17957
12409
12034
927
11490
12090
13631
14382
15527
19617
20494
7550
3675
12359
19855
18746
19709
18221
18255
18256
17744
15209
281
19399
16767
20891
14144
14269
16547
3399
3562
14140
9870
12509
13652
17257
4663
5490
8653
15687
20047
3617
16408
13939
3677
15932
9017
13958
14118
20097
12737
13797
15576
13571
17582
13903
13689
15656
20544
18162
18163
18164
18165
13656
17782
511
13932
17274
17657
18299
19133
19293
19972
5643
6344
6696
7186
8532
10577
10859
10948
14431
14536
15453
16122
16348
16637
16963
17966
18356
18876
18897
19568
19655
19737
19739
20032
20265
13786
15079
15879
13673
13674
13675
13676
13677
13678
20336
10863
15213
16946
10409
12022
15480
7299
7448
14715
4505
13959
12839
14295
20821
16458
4359
8436
18269
18270
18313
18580
19808
2409
3525
4753
6885
7156
8146
10303
11998
12790
13081
13799
14287
14688
14927
15327
16690
16802
17091
17868
18178
18943
19032
20058
20272
20495
20508
20522
20809
7068
7162
8168
8622
10334
10614
12755
14736
15316
17041
17560
17881
18363
18577
18578
19216
5574
5575
5738
6151
6374
7194
8079
9906
11639
11963
12202
12647
13751
14175
14682
14744
14749
14793
14920
14951
15205
15367
15625
16255
16277
16323
16329
16813
17004
17037
17118
17120
17121
17220
17442
17446
17576
17611
18782
18869
19119
19192
19195
19542
19723
19776
19942
19981
20463
20506
20557
20688
20934
20954
7379
19463
8009
11027
11136
12481
15159
17267
18690
18691
19187
19628
20904
14764
20513
4449
9102
12566
13126
14041
15153
15198
16818
16996
17698
18259
18353
18430
18687
19227
19321
19673
20527
20529
20677
3819
3967
5502
5621
6064
6807
7375
7726
7734
8343
8817
9221
9369
11978
12275
14756
15010
15548
15570
15630
15942
15943
17938
18740
19060
19213
19245
19865
19928
20439
20559
20571
20920
11789
19907
5816
5900
6623
7591
8481
9692
15044
15145
15967
16649
17869
18505
20107
6072
15390
14326
14162
15152
15479
16430
17378
20009
12806
5824
5825
6030
6479
7612
10343
10488
10937
12167
12443
12708
12798
12956
13805
13938
14201
14344
14367
14579
15138
15368
15371
15531
15545
15699
15777
15826
15860
15861
15864
16070
17028
17304
17335
17367
17407
17453
17464
18000
18002
18003
18076
18297
18476
18645
18655
18692
18842
18882
19052
19107
19170
19201
19211
19214
19241
19248
19262
19283
19307
19320
19352
19376
19490
19593
19789
19823
19923
20275
20277
20550
20661
20676
20694
20834
4246
6721
15532
15533
15534
15535
15538
15539
15540
15541
15544
16022
16180
17489
18001
18020
18444
20766
14492
17013
20215
12688
19871
13916
16655
17566
18371
19360
18647
3213
3870
4193
4384
4742
6165
7707
9980
10379
11704
12948
13010
13515
13810
14417
17043
18755
19006
19238
20566
6125
14208
19230
20649
20852
16807
6140
15868
19210
20601
17563
17605
7797
13717
8831
5965
15322
17806
19806
8841
14278
15458
19290
4411
14302
1827
8152
10558
11790
14306
14517
14303
14307
5530
10986
13137
17787
17789
17833
18011
20841
18446
9490
11483
6701
5283
8066
10640
10252
19814
5602
9891
14085
14086
10687
13321
16270
17149
17282
17354
17434
17450
17460
17462
17466
17468
17470
17473
17475
17476
17478
17481
17485
17488
17490
17492
17529
19677
19678
19679
19681
19682
19683
19684
19685
14454
8127
8151
18149
15394
16800
20446
7284
10893
4142
6168
6565
10468
12456
12836
13015
13434
13854
13874
14362
14829
15334
15374
15682
15820
15926
16896
17124
17793
18753
18820
19103
19222
19264
19668
19913
19989
14606
19941
4352
14501
14499
14385
14386
14718
14757
14758
18668
6387
14855
14363
17449
15476
4996
14549
14550
16912
10845
400
19501
7648
5987
4576
4947
19489
5440
6246
8224
15321
15811
17087
20004
15235
16965
16966
10667
11700
14803
4683
20711
19695
6384
16126
6055
5272
10969
11824
18464
4483
7460
5186
8048
8691
11974
13311
13510
16858
17565
14802
16495
14528
11536
14967
14968
3979
14946
19580
8210
15449
9532
10989
16401
13098
13099
13599
18927
19867
20023
20382
20628
19497
20699
15029
15030
15031
15032
15084
9019
17308
19166
19268
19940
4161
9282
11193
14699
15037
15038
15039
15040
15288
16888
17034
17245
17817
18761
18792
19343
20248
20554
7863
20020
14121
17584
17585
13725
15339
17658
18215
18216
19983
15123
15124
15125
18047
18048
14095
14271
15857
20750
12896
13905
20286
4299
10950
12683
14801
16934
17073
17326
17346
17435
17897
18075
15226
18354
4752
17070
3825
1953
4987
8313
9589
10537
12338
14056
14706
16300
19480
14057
15558
17719
19265
15473
15474
18104
11238
13572
15959
16968
20797
14573
15054
16406
14318
17969
7056
8568
6661
16394
8533
10885
14602
15266
15589
15663
18223
18713
4186
4583
7032
7551
8112
8215
8784
9567
9575
10503
11258
11705
11792
13522
13560
14617
15099
15920
16953
19372
19591
17076
13860
15701
17347
15017
17683
4000
5394
5871
6853
7901
8984
9061
9878
10130
10191
11218
11575
12195
12568
12589
12987
13549
13879
13915
14081
14537
14815
14937
15166
15231
15293
15305
15711
15851
16136
16330
16635
16689
16712
16930
17601
17877
18053
18079
18372
18401
18985
19365
19561
19636
19781
19970
20103
20182
20467
20523
15324
9961
5298
5323
11539
16026
19300
1817
5437
6852
12824
16943
17138
17639
19209
19316
4410
15606
7255
14150
15486
15487
18193
15353
15483
15485
17811
20048
14380
14350
14377
14378
14379
14077
14080
15565
6091
11263
15563
7557
4521
17499
20200
7075
16072
16618
18946
18199
18314
2968
3631
5810
6519
8241
10346
12327
12661
12779
13822
14093
14282
14534
14890
14908
15309
15369
15427
15886
16266
16290
17027
17628
17642
18333
18652
18711
19070
19279
19359
19485
19872
20343
20878
20947
685
15498
15499
15500
15501
15502
15503
15505
15506
15507
15508
15509
15511
15512
15516
15519
5382
5794
7071
7245
8790
9018
10328
11355
12146
12345
14132
15297
15839
18891
19044
19747
19934
20685
20850
10611
8163
13135
14327
17384
19724
694
4364
4841
9910
12253
12835
13845
15290
20860
15323
16129
16196
16231
16310
18654
18546
12727
12728
12729
12730
12731
12732
12733
12734
12735
12736
19057
8244
9646
7319
6719
14644
15071
17598
18260
19465
4964
17827
20219
20155
10540
14614
15906
16013
16062
16150
11795
17050
7784
17216
17292
8039
20742
14914
18495
10367
19434
16714
4453
8886
16783
16784
19837
1136
4345
4363
4367
4637
4732
5022
5087
5225
5248
5304
5604
5697
5926
6101
6530
6912
6917
7129
7569
7950
7952
7982
8196
8295
8939
9234
9511
9702
9717
9737
9831
10286
10299
10489
10543
11061
11064
11092
11211
11820
11833
11979
12115
12183
12198
12241
12280
12285
12356
12387
12529
12590
12833
12994
13139
13391
13456
13464
13742
13801
13847
14050
14053
14239
14240
14323
14755
14834
14875
14929
14950
14962
15066
15122
15770
15772
15785
16015
16127
16146
16299
16334
16346
16659
16681
16685
16757
17063
17942
18017
18272
18338
18496
18564
18596
18743
18781
19160
19350
19407
19471
19592
19690
19828
19832
19853
19945
20057
20063
20185
20266
20296
20418
20433
20758
20822
20873
9565
11075
12640
12713
13441
14759
17166
18086
17206
15252
11694
16240
6359
5067
18659
4083
16638
18257
16785
8756
10441
17258
17263
17519
3854
4226
5155
6909
7113
7114
7786
8866
8929
9621
9678
9810
9962
10249
10277
10393
10487
10789
10876
11285
11944
12840
12954
13563
13592
13812
13956
14033
14373
14585
14685
15647
17103
18042
18276
18342
18573
19382
19582
19609
19613
19909
20251
20292
20499
20507
4674
6355
8053
8399
12536
13753
14831
15161
15597
15599
18570
19488
20820
5543
10728
16244
16250
17194
17338
17339
17409
17531
17542
1837
7945
9021
9159
11693
12370
13984
14152
16322
17345
17711
18936
19164
19168
19242
19676
20408
20738
3936
4140
8924
11796
11903
12008
13931
14960
18212
18273
19139
20304
16836
20120
405
13794
13793
17362
18759
20610
20812
6894
9521
11028
15174
17883
18518
5177
5179
17079
17080
17081
17082
19947
2477
9559
14459
16063
19327
8797
6381
6956
5489
1677
4791
4842
6943
7524
7547
7724
8482
8638
8787
8994
10782
11049
11513
11681
11936
12248
12533
12549
12595
12602
12628
12629
12644
13001
13501
13505
13509
13662
13746
13770
13771
14475
14609
14712
14900
15241
15435
15562
15634
15695
15939
16000
16257
16318
16356
16789
16884
16890
17219
18039
18500
18649
18947
19156
19371
19573
19910
20365
20665
20831
14515
16396
17660
17688
17681
17692
18952
17695
19675
7970
13076
13077
14741
14912
19128
19281
2689
4159
9537
16994
17709
20085
19566
15910
12751
11313
16983
16984
18036
18037
7313
13718
17065
17066
17067
17068
20352
6411
16987
16482
17390
20962
2098
17751
7486
16964
17741
16017
3983
4008
5546
6186
6187
7654
8453
9497
9767
10681
10994
11598
11870
11918
11956
12754
13411
14126
14505
14618
15370
15849
16305
16799
17933
18382
18572
18598
18669
18843
18860
19048
19353
19378
19702
20160
20450
20702
20879
20931
16855
5049
13700
8854
16554
5270
17699
17700
17701
3699
6176
8218
10564
11162
12826
13491
13994
14223
14668
15907
16023
16291
16663
16667
16750
16993
17818
18241
18694
18895
18913
20206
20928
15977
5321
17536
14790
4210
4377
16612
17753
1983
3129
6377
10192
10809
11463
12260
13038
13488
14064
14213
15050
15062
16728
16753
17348
17382
17842
17843
17844
17845
17846
17847
17848
17849
17850
17851
17852
17853
17854
17855
17856
17858
17859
17860
18130
18207
18253
18254
18600
18702
18760
19064
19202
19226
19231
19291
19388
19432
19456
19571
19778
20563
15578
12174
12709
1763
4598
5534
5945
12296
13888
14910
14238
17586
9741
17163
17192
17319
17523
18671
12613
18066
10044
14846
20367
15658
14591
18161
7495
16243
20535
17795
9618
18180
15160
18203
19916
11812
19018
11230
11159
13067
13068
13069
13070
13071
13072
13073
13074
13075
13078
15621
17246
18284
18285
18286
18287
18288
18289
18290
18291
18292
18293
20951
4586
6009
6351
6439
6662
6958
7147
7623
8183
8580
9248
9677
10194
10272
11843
11917
12123
13457
13776
14046
14221
14494
14531
14659
15262
15396
16003
16156
16260
16722
17394
17428
17448
17463
17472
17479
17482
17486
18174
18296
18302
18303
18404
18441
18610
18807
19142
19189
19641
19822
19990
20578
20910
782
4567
5846
7070
7991
8830
9851
12749
14039
16056
16668
17469
18231
18265
18585
19115
20061
20479
5439
5721
11540
16842
18504
18833
20064
20667
18091
18344
18345
18346
19134
10988
8279
18420
18837
8510
4217
6877
3910
10793
12718
15720
16082
19481
18666
6484
11102
12353
15604
16002
18045
18283
20857
18770
7420
8872
16351
17088
18249
18252
12518
1611
4459
5970
6557
7809
9652
9866
10755
10993
11338
11351
11552
12083
12199
12817
13421
13820
14014
14433
14437
14438
15796
16052
16212
17600
18416
18857
19068
20022
20043
20191
14489
10259
16158
17690
18737
4972
6100
6343
6658
7263
8946
10315
12066
15136
15275
15413
15414
15652
15753
15850
15955
18008
19999
20000
9713
18471
6977
16245
18064
18335
17583
7150
13453
13639
14589
15843
19383
13444
18674
9766
15608
15609
15610
15611
17058
19140
19228
15613
18667
5638
13059
18263
19124
12910
6102
6669
15871
17710
18229
20597
20673
19659
13690
19379
10001
4133
19017
3378
6492
14054
14477
14478
20791
19482
7672
8281
8378
8948
12996
13756
16102
18592
18601
19523
19847
19979
20210
6448
19708
19707
19442
9278
10934
20476
20842
12671
15670
16595
6035
6615
8011
9791
11249
11466
11888
14947
15338
16719
18660
19218
20511
14280
10011
19235
19236
19314
20065
20669
4148
4427
4624
4960
5367
5708
6294
6948
7242
7304
8054
8205
8608
9399
9576
10686
11074
11731
13088
13852
14067
15274
15277
15278
15280
15838
16816
18488
18798
19374
20548
20940
504
6296
6822
7686
9686
12932
12939
13827
13933
14375
14393
14711
14895
15330
15925
16043
16736
16948
17271
17305
17580
18025
18028
18475
18758
19075
19114
19127
19199
19200
19223
19229
19323
19937
20253
20560
20762
16623
19886
10860
12127
16363
19691
19692
19693
19694
13857
14991
14993
19509
19510
19716
19419
14848
19879
19880
8264
8973
12700
13919
14156
10610
17876
4218
8522
8894
9340
9760
10961
12311
13091
13873
14810
16958
17641
19927
4106
4870
20663
4973
13648
9191
18764
5656
18352
20862
4848
14448
15192
16523
16524
16619
19688
6871
6968
8090
9815
9989
14336
14666
14737
14785
17637
17986
18657
18858
19049
19197
19288
19733
19788
20456
20851
10306
20198
4146
6813
4471
4472
5631
4812
15813
10672
20796
15719
10214
5443
5506
9310
9816
14575
15202
15591
15592
19984
20813
20932
13243
16339
17310
18220
19177
20611
3130
19295
11818
20710
8969
14782
19711
6133
19429
20855
11935
4235
5451
5456
12173
17272
16167
20780
20789